1.000000000000000000e+00, 2.364336518050126124e+00
2.000000000000000000e+00, 2.622728088324191908e+00
3.000000000000000000e+00, 1.895282319462806120e+00
4.000000000000000000e+00, 1.184592077411316113e+00
5.000000000000000000e+00, 1.029675413230673797e+00
6.000000000000000000e+00, 7.994630436061288536e-01
7.000000000000000000e+00, 4.127577791044597655e-01
8.000000000000000000e+00, 3.686487556461008896e-01
9.000000000000000000e+00, 5.048049248375693215e-02
1.000000000000000000e+01, -8.781941028844078567e-02
1.100000000000000000e+01, -3.686770804733546236e-01
1.200000000000000000e+01, -4.830068671080804399e-01
1.300000000000000000e+01, -6.996563211268727045e-01
1.400000000000000000e+01, -8.780570271494637646e-01
1.500000000000000000e+01, -1.054815946375440960e+00
1.600000000000000000e+01, -1.191418867102106427e+00
1.700000000000000000e+01, -1.377221818777473628e+00
1.800000000000000000e+01, -1.515166694773264267e+00
1.900000000000000000e+01, -1.753222947871611925e+00
2.000000000000000000e+01, -1.847979295013503886e+00
2.100000000000000000e+01, -2.081455955372560229e+00
2.200000000000000000e+01, -2.152670458620891125e+00
2.300000000000000000e+01, -2.360403986524542308e+00
2.400000000000000000e+01, -2.484274228074132118e+00
2.500000000000000000e+01, -2.653499048528678017e+00
2.600000000000000000e+01, -2.793375207416750161e+00
2.700000000000000000e+01, -2.942628489601781805e+00
2.800000000000000000e+01, -3.103198920446280429e+00
2.900000000000000000e+01, -3.182161006230994182e+00
3.000000000000000000e+01, -3.393459284419697131e+00
3.100000000000000000e+01, -3.531077040653586963e+00
3.200000000000000000e+01, -3.656380589257527181e+00
3.300000000000000000e+01, -3.761603686131313573e+00
3.400000000000000000e+01, -3.912375049813338723e+00
3.500000000000000000e+01, -4.095162208725978026e+00
3.600000000000000000e+01, -4.175845638790081971e+00
3.700000000000000000e+01, -4.322759974875114430e+00
3.800000000000000000e+01, -4.470542846262581804e+00
3.900000000000000000e+01, -4.591277673124675829e+00
4.000000000000000000e+01, -4.716490478967332756e+00
4.100000000000000000e+01, -4.838353567013057521e+00
4.200000000000000000e+01, -4.993622183934323111e+00
4.300000000000000000e+01, -5.099659124000274879e+00
4.400000000000000000e+01, -5.228166424415509717e+00
4.500000000000000000e+01, -5.351322748486037284e+00
4.600000000000000000e+01, -5.489086226880123931e+00
4.700000000000000000e+01, -5.632187401106129698e+00
4.800000000000000000e+01, -5.705203471105574131e+00
4.900000000000000000e+01, -5.860167305304005758e+00
5.000000000000000000e+01, -5.962506807982864920e+00
5.100000000000000000e+01, -6.106965496541604033e+00
5.200000000000000000e+01, -6.220119629472921297e+00
5.300000000000000000e+01, -6.327293117110460052e+00
5.400000000000000000e+01, -6.465284465711662598e+00
5.500000000000000000e+01, -6.594820968557153051e+00
5.600000000000000000e+01, -6.689317422716246853e+00
5.700000000000000000e+01, -6.810120512463444520e+00
5.800000000000000000e+01, -6.937742272614127792e+00
5.900000000000000000e+01, -7.057604452453667854e+00
6.000000000000000000e+01, -7.165071506538615687e+00
6.100000000000000000e+01, -7.288685826105672838e+00
6.200000000000000000e+01, -7.413982308590612469e+00
6.300000000000000000e+01, -7.514268454526035868e+00
6.400000000000000000e+01, -7.641617112655454847e+00
6.500000000000000000e+01, -7.735253103715308498e+00
6.600000000000000000e+01, -7.877273769183058327e+00
6.700000000000000000e+01, -7.979052427836649919e+00
6.800000000000000000e+01, -8.082998283079007251e+00
6.900000000000000000e+01, -8.210846918041612597e+00
7.000000000000000000e+01, -8.340037460949703885e+00
7.100000000000000000e+01, -8.447217501874655810e+00
7.200000000000000000e+01, -8.528877462285281652e+00
7.300000000000000000e+01, -8.668670901437382170e+00
7.400000000000000000e+01, -8.760835841481265263e+00
7.500000000000000000e+01, -8.915240000246575036e+00
7.600000000000000000e+01, -8.974802590942887903e+00
7.700000000000000000e+01, -9.118896760869557028e+00
7.800000000000000000e+01, -9.217228779306571695e+00
7.900000000000000000e+01, -9.350697063303750056e+00
8.000000000000000000e+01, -9.423032514213584676e+00
8.100000000000000000e+01, -9.566999998952992357e+00
8.200000000000000000e+01, -9.652414654319009912e+00
8.300000000000000000e+01, -9.785013709753373590e+00
8.400000000000000000e+01, -9.880973905984127725e+00
8.500000000000000000e+01, -9.989779766850356069e+00
8.600000000000000000e+01, -1.011115128465382007e+01
8.700000000000000000e+01, -1.020898645041834207e+01
8.800000000000000000e+01, -1.030269947489232862e+01
8.900000000000000000e+01, -1.043164336497518008e+01
9.000000000000000000e+01, -1.054095728319444270e+01
9.100000000000000000e+01, -1.064812892665837118e+01
9.200000000000000000e+01, -1.075049971953860073e+01
9.300000000000000000e+01, -1.085759608149163391e+01
9.400000000000000000e+01, -1.096815745883367832e+01
9.500000000000000000e+01, -1.106776484927554449e+01
9.600000000000000000e+01, -1.118220694188578612e+01
9.700000000000000000e+01, -1.127338735942623771e+01
9.800000000000000000e+01, -1.138876614867489856e+01
9.900000000000000000e+01, -1.149343889093392335e+01
1.000000000000000000e+02, -1.159584284301650037e+01
1.010000000000000000e+02, -1.170630913058467293e+01
1.020000000000000000e+02, -1.181284708909833370e+01
1.030000000000000000e+02, -1.191158757826592662e+01
1.040000000000000000e+02, -1.200454892855025868e+01
1.050000000000000000e+02, -1.212671275901779744e+01
1.060000000000000000e+02, -1.222157260830140579e+01
1.070000000000000000e+02, -1.231300600727227135e+01
1.080000000000000000e+02, -1.243905626026075595e+01
1.090000000000000000e+02, -1.252236898057112313e+01
1.100000000000000000e+02, -1.262382486399020465e+01
1.110000000000000000e+02, -1.272270173289761885e+01
1.120000000000000000e+02, -1.282556608044489188e+01
1.130000000000000000e+02, -1.292963438350706973e+01
1.140000000000000000e+02, -1.302030738623737349e+01
1.150000000000000000e+02, -1.311431126785027601e+01
1.160000000000000000e+02, -1.322247024902507029e+01
1.170000000000000000e+02, -1.330794671220794356e+01
1.180000000000000000e+02, -1.340866165215630090e+01
1.190000000000000000e+02, -1.349114649226552842e+01
1.200000000000000000e+02, -1.358156683122538411e+01
1.210000000000000000e+02, -1.368360109220153475e+01
1.220000000000000000e+02, -1.376512320062839834e+01
1.230000000000000000e+02, -1.384295188216338879e+01
1.240000000000000000e+02, -1.391892038527685393e+01
1.250000000000000000e+02, -1.400193525167343012e+01
1.260000000000000000e+02, -1.408235966141513806e+01
1.270000000000000000e+02, -1.414879477054065049e+01
