1.000000000000000000e+00, 2.866496789871002981e+00
2.000000000000000000e+00, 3.083193179688218155e+00
3.000000000000000000e+00, 2.318370498098336174e+00
4.000000000000000000e+00, 1.510944334947232459e+00
5.000000000000000000e+00, 1.306035529851352628e+00
6.000000000000000000e+00, 1.057543578533841178e+00
7.000000000000000000e+00, 6.861213331035731500e-01
8.000000000000000000e+00, 6.781005381232260154e-01
9.000000000000000000e+00, 4.066372607041908727e-01
1.000000000000000000e+01, 3.227233252356359050e-01
1.100000000000000000e+01, 9.883249307373752346e-02
1.200000000000000000e+01, 4.066465027399990967e-02
1.300000000000000000e+01, -1.189784005268680472e-01
1.400000000000000000e+01, -2.408302677186430207e-01
1.500000000000000000e+01, -3.634911835072772157e-01
1.600000000000000000e+01, -4.464018205289488339e-01
1.700000000000000000e+01, -5.784560360943062918e-01
1.800000000000000000e+01, -6.643999878032604833e-01
1.900000000000000000e+01, -8.522113883511155397e-01
2.000000000000000000e+01, -8.992268464960053720e-01
2.100000000000000000e+01, -1.087229359839652520e+00
2.200000000000000000e+01, -1.112801080278960519e+00
2.300000000000000000e+01, -1.276095240134347719e+00
2.400000000000000000e+01, -1.357056676858820810e+00
2.500000000000000000e+01, -1.485075244812147366e+00
2.600000000000000000e+01, -1.584860786503877073e+00
2.700000000000000000e+01, -1.694521695194283195e+00
2.800000000000000000e+01, -1.817563474035394533e+00
2.900000000000000000e+01, -1.858335635203528957e+00
3.000000000000000000e+01, -2.031849176179921557e+00
3.100000000000000000e+01, -2.134284224264725971e+00
3.200000000000000000e+01, -2.224927854541721040e+00
3.300000000000000000e+01, -2.295394219522457480e+00
3.400000000000000000e+01, -2.411377207024631097e+00
3.500000000000000000e+01, -2.561055461474624373e+00
3.600000000000000000e+01, -2.609220552996924347e+00
3.700000000000000000e+01, -2.723579331887331367e+00
3.800000000000000000e+01, -2.839315681245746514e+00
3.900000000000000000e+01, -2.928864216228320494e+00
4.000000000000000000e+01, -3.023121635350199288e+00
4.100000000000000000e+01, -3.113934048385241571e+00
4.200000000000000000e+01, -3.238945614904279680e+00
4.300000000000000000e+01, -3.314802549659435549e+00
4.400000000000000000e+01, -3.413486440568815006e+00
4.500000000000000000e+01, -3.507054929033100343e+00
4.600000000000000000e+01, -3.615791488744228399e+00
4.700000000000000000e+01, -3.730192735950664140e+00
4.800000000000000000e+01, -3.774530914204289545e+00
4.900000000000000000e+01, -3.900607606377969550e+00
5.000000000000000000e+01, -3.974549253434009888e+00
5.100000000000000000e+01, -4.090642819598068414e+00
5.200000000000000000e+01, -4.175884654789085104e+00
5.300000000000000000e+01, -4.254747190174066773e+00
5.400000000000000000e+01, -4.364893626432635898e+00
5.500000000000000000e+01, -4.466885330445943936e+00
5.600000000000000000e+01, -4.533901891348624424e+00
5.700000000000000000e+01, -4.627167966778974240e+00
5.800000000000000000e+01, -4.727123899335930801e+00
5.900000000000000000e+01, -4.819715135126916294e+00
6.000000000000000000e+01, -4.899794145982395932e+00
6.100000000000000000e+01, -4.996050342226404872e+00
6.200000000000000000e+01, -5.094319315826687067e+00
6.300000000000000000e+01, -5.167479190419891566e+00
6.400000000000000000e+01, -5.267635870026583511e+00
6.500000000000000000e+01, -5.334119469327624152e+00
6.600000000000000000e+01, -5.448700098291587857e+00
6.700000000000000000e+01, -5.523703483465932429e+00
6.800000000000000000e+01, -5.600324124768899736e+00
6.900000000000000000e+01, -5.700959758243224762e+00
7.000000000000000000e+01, -5.803206665177543577e+00
7.100000000000000000e+01, -5.883645446749135921e+00
7.200000000000000000e+01, -5.938258020339455712e+00
7.300000000000000000e+01, -6.050464415750153258e+00
7.400000000000000000e+01, -6.115461152395218036e+00
7.500000000000000000e+01, -6.242898429152697659e+00
7.600000000000000000e+01, -6.275463493902022627e+00
7.700000000000000000e+01, -6.391880509524644260e+00
7.800000000000000000e+01, -6.463203443770206391e+00
7.900000000000000000e+01, -6.569452199599685294e+00
8.000000000000000000e+01, -6.614555535354797122e+00
8.100000000000000000e+01, -6.731082861366179060e+00
8.200000000000000000e+01, -6.789126749668318972e+00
8.300000000000000000e+01, -6.894478272797740281e+00
8.400000000000000000e+01, -6.963192888685449056e+00
8.500000000000000000e+01, -7.044331966092134856e+00
8.600000000000000000e+01, -7.138462889133359468e+00
8.700000000000000000e+01, -7.208546998253977378e+00
8.800000000000000000e+01, -7.274802584960948337e+00
8.900000000000000000e+01, -7.375734625646788167e+00
9.000000000000000000e+01, -7.457647291855185934e+00
9.100000000000000000e+01, -7.537343350070168313e+00
9.200000000000000000e+01, -7.611811170058035536e+00
9.300000000000000000e+01, -7.691448735113090684e+00
9.400000000000000000e+01, -7.773874347970957999e+00
9.500000000000000000e+01, -7.846084353301493231e+00
9.600000000000000000e+01, -7.932217443618266195e+00
9.700000000000000000e+01, -7.995550131485115841e+00
9.800000000000000000e+01, -8.082546031227437311e+00
9.900000000000000000e+01, -8.159186955359118087e+00
1.000000000000000000e+02, -8.233334061528671199e+00
1.010000000000000000e+02, -8.315479610415243528e+00
1.020000000000000000e+02, -8.393603947295156686e+00
1.030000000000000000e+02, -8.463846020542305837e+00
1.040000000000000000e+02, -8.527936733223247856e+00
1.050000000000000000e+02, -8.621500682468674626e+00
1.060000000000000000e+02, -8.687630899010100549e+00
1.070000000000000000e+02, -8.749853351810195079e+00
1.080000000000000000e+02, -8.846473004187361155e+00
1.090000000000000000e+02, -8.900507675801486940e+00
1.100000000000000000e+02, -8.972528087720894163e+00
1.110000000000000000e+02, -9.041352337350744506e+00
1.120000000000000000e+02, -9.114277630466251168e+00
1.130000000000000000e+02, -9.187402273051112900e+00
1.140000000000000000e+02, -9.247885423726271981e+00
1.150000000000000000e+02, -9.311168122227938326e+00
1.160000000000000000e+02, -9.388346664573600009e+00
1.170000000000000000e+02, -9.441600171526127738e+00
1.180000000000000000e+02, -9.511226765113644177e+00
1.190000000000000000e+02, -9.562041961529006429e+00
1.200000000000000000e+02, -9.619507986443604608e+00
1.210000000000000000e+02, -9.690427159763512321e+00
1.220000000000000000e+02, -9.739193249028108568e+00
1.230000000000000000e+02, -9.785897327354902586e+00
1.240000000000000000e+02, -9.829909945336574140e+00
1.250000000000000000e+02, -9.881523029077136755e+00
1.260000000000000000e+02, -9.932719282820272610e+00
1.270000000000000000e+02, -9.971548574011338317e+00
