1.000000000000000000e+00, 2.117756727973663100e+00
2.000000000000000000e+00, 2.385957547816405011e+00
3.000000000000000000e+00, 1.734462694508639657e+00
4.000000000000000000e+00, 1.070198650310133726e+00
5.000000000000000000e+00, 9.057595510223825919e-01
6.000000000000000000e+00, 6.405408372107520565e-01
7.000000000000000000e+00, 2.148284742568412065e-01
8.000000000000000000e+00, 1.221659089815026050e-01
9.000000000000000000e+00, -2.494581398927432914e-01
1.000000000000000000e+01, -4.403357569775504521e-01
1.100000000000000000e+01, -7.719742393000734726e-01
1.200000000000000000e+01, -9.334279706812916855e-01
1.300000000000000000e+01, -1.196724726265008032e+00
1.400000000000000000e+01, -1.418595929266393441e+00
1.500000000000000000e+01, -1.638564732363900545e+00
1.600000000000000000e+01, -1.816612900377265971e+00
1.700000000000000000e+01, -2.042663205731344522e+00
1.800000000000000000e+01, -2.219358904014601119e+00
1.900000000000000000e+01, -2.494636013355428172e+00
2.000000000000000000e+01, -2.625570614806937986e+00
2.100000000000000000e+01, -2.894029363314635450e+00
2.200000000000000000e+01, -2.998420401688408177e+00
2.300000000000000000e+01, -3.239673301357129720e+00
2.400000000000000000e+01, -3.396180281409812540e+00
2.500000000000000000e+01, -3.596918522423819375e+00
2.600000000000000000e+01, -3.768211315480945789e+00
2.700000000000000000e+01, -3.947872069707617282e+00
2.800000000000000000e+01, -4.138369505299178464e+00
2.900000000000000000e+01, -4.247060849705565744e+00
3.000000000000000000e+01, -4.487742666907349687e+00
3.100000000000000000e+01, -4.653089692521000131e+00
3.200000000000000000e+01, -4.806275615172276083e+00
3.300000000000000000e+01, -4.939740351977676802e+00
3.400000000000000000e+01, -5.118370906351091598e+00
3.500000000000000000e+01, -5.328190866602069420e+00
3.600000000000000000e+01, -5.435532822825985377e+00
3.700000000000000000e+01, -5.609688180149438708e+00
3.800000000000000000e+01, -5.783952739180774572e+00
3.900000000000000000e+01, -5.930962153158612971e+00
4.000000000000000000e+01, -6.082286181012230841e+00
4.100000000000000000e+01, -6.230385514538510527e+00
4.200000000000000000e+01, -6.411506579531875971e+00
4.300000000000000000e+01, -6.542925467492799463e+00
4.400000000000000000e+01, -6.697089170419101123e+00
4.500000000000000000e+01, -6.845978459782575243e+00
4.600000000000000000e+01, -7.009145535260950410e+00
4.700000000000000000e+01, -7.177273895593417663e+00
4.800000000000000000e+01, -7.275328236255772296e+00
4.900000000000000000e+01, -7.455705399728292271e+00
5.000000000000000000e+01, -7.583375184328668084e+00
5.100000000000000000e+01, -7.753106145690257911e+00
5.200000000000000000e+01, -7.891093008316503621e+00
5.300000000000000000e+01, -8.023276128605507651e+00
5.400000000000000000e+01, -8.186458056416766382e+00
5.500000000000000000e+01, -8.340587272308665590e+00
5.600000000000000000e+01, -8.460062969183086423e+00
5.700000000000000000e+01, -8.606052924554299821e+00
5.800000000000000000e+01, -8.758514613980645791e+00
5.900000000000000000e+01, -8.903238597339095506e+00
6.000000000000000000e+01, -9.035515812201293073e+00
6.100000000000000000e+01, -9.184020646402615284e+00
6.200000000000000000e+01, -9.334061969416982407e+00
6.300000000000000000e+01, -9.459111988578428054e+00
6.400000000000000000e+01, -9.611343702220946028e+00
6.500000000000000000e+01, -9.729927722153362879e+00
6.600000000000000000e+01, -9.896896622490009676e+00
6.700000000000000000e+01, -1.002338546872587877e+01
6.800000000000000000e+01, -1.015241107191938319e+01
6.900000000000000000e+01, -1.030516574889802683e+01
7.000000000000000000e+01, -1.045897255300712914e+01
7.100000000000000000e+01, -1.059054569524437994e+01
7.200000000000000000e+01, -1.069721310038744022e+01
7.300000000000000000e+01, -1.086198174645220682e+01
7.400000000000000000e+01, -1.097873593994616392e+01
7.500000000000000000e+01, -1.115789509804015012e+01
7.600000000000000000e+01, -1.124208394898932895e+01
7.700000000000000000e+01, -1.141106948637832019e+01
7.800000000000000000e+01, -1.153398240573074318e+01
7.900000000000000000e+01, -1.169177970107776154e+01
8.000000000000000000e+01, -1.178875515146643416e+01
8.100000000000000000e+01, -1.195736774756866616e+01
8.200000000000000000e+01, -1.206728488578030500e+01
8.300000000000000000e+01, -1.222441578884096636e+01
8.400000000000000000e+01, -1.234460906275845993e+01
8.500000000000000000e+01, -1.247797753742800708e+01
8.600000000000000000e+01, -1.262345270216493454e+01
8.700000000000000000e+01, -1.274550934783147582e+01
8.800000000000000000e+01, -1.286345358736916644e+01
8.900000000000000000e+01, -1.301672539553994490e+01
9.000000000000000000e+01, -1.314993645038780201e+01
9.100000000000000000e+01, -1.328095382776085742e+01
9.200000000000000000e+01, -1.340719236068414233e+01
9.300000000000000000e+01, -1.353798459068476490e+01
9.400000000000000000e+01, -1.367226456471888341e+01
9.500000000000000000e+01, -1.379535476778490022e+01
9.600000000000000000e+01, -1.393342044287211934e+01
9.700000000000000000e+01, -1.404784985836767852e+01
9.800000000000000000e+01, -1.418667548126417621e+01
9.900000000000000000e+01, -1.431461461208883179e+01
1.000000000000000000e+02, -1.444007547428542537e+01
1.010000000000000000e+02, -1.457348835784685548e+01
1.020000000000000000e+02, -1.470274449799413929e+01
1.030000000000000000e+02, -1.482424957464679593e+01
1.040000000000000000e+02, -1.493994807691469084e+01
1.050000000000000000e+02, -1.508457965717352245e+01
1.060000000000000000e+02, -1.520182091252873313e+01
1.070000000000000000e+02, -1.531554616875120978e+01
1.080000000000000000e+02, -1.546386764900464428e+01
1.090000000000000000e+02, -1.556912871654518860e+01
1.100000000000000000e+02, -1.569260159119514597e+01
1.110000000000000000e+02, -1.581355327248324905e+01
1.120000000000000000e+02, -1.593826586221049979e+01
1.130000000000000000e+02, -1.606428237740458798e+01
1.140000000000000000e+02, -1.617662271296402565e+01
1.150000000000000000e+02, -1.629256447459077606e+01
1.160000000000000000e+02, -1.642226471231931839e+01
1.170000000000000000e+02, -1.652971051885361931e+01
1.180000000000000000e+02, -1.665205702006991828e+01
1.190000000000000000e+02, -1.675624906515237811e+01
1.200000000000000000e+02, -1.686890013112865816e+01
1.210000000000000000e+02, -1.699221273553038358e+01
1.220000000000000000e+02, -1.709574267265242042e+01
1.230000000000000000e+02, -1.719488586263129903e+01
1.240000000000000000e+02, -1.729247574209977145e+01
1.250000000000000000e+02, -1.739680266722002600e+01
1.260000000000000000e+02, -1.749730141884700529e+01
1.270000000000000000e+02, -1.758327697317154303e+01
