1.000000000000000000e+00, 2.665403243613018169e+00
2.000000000000000000e+00, 2.932699365162186655e+00
3.000000000000000000e+00, 2.170355006581038637e+00
4.000000000000000000e+00, 1.395606124703169248e+00
5.000000000000000000e+00, 1.206692374062779960e+00
6.000000000000000000e+00, 9.665368311840155657e-01
7.000000000000000000e+00, 5.990126459608765552e-01
8.000000000000000000e+00, 5.874186347163303790e-01
9.000000000000000000e+00, 3.070733694091763444e-01
1.000000000000000000e+01, 2.075981827146787528e-01
1.100000000000000000e+01, -2.949042890929221700e-02
1.200000000000000000e+01, -1.023720479019782775e-01
1.300000000000000000e+01, -2.749001993872313143e-01
1.400000000000000000e+01, -4.112443243827162420e-01
1.500000000000000000e+01, -5.486944167356395674e-01
1.600000000000000000e+01, -6.446199537101400256e-01
1.700000000000000000e+01, -7.910716477511078315e-01
1.800000000000000000e+01, -8.909624569480302236e-01
1.900000000000000000e+01, -1.092181902026852391e+00
2.000000000000000000e+01, -1.152693068111643182e+00
2.100000000000000000e+01, -1.351854898485092660e+00
2.200000000000000000e+01, -1.390118131450719607e+00
2.300000000000000000e+01, -1.565177531229505314e+00
2.400000000000000000e+01, -1.657856819256905867e+00
2.500000000000000000e+01, -1.796845239779583769e+00
2.600000000000000000e+01, -1.907117473856100087e+00
2.700000000000000000e+01, -2.027283500753578327e+00
2.800000000000000000e+01, -2.160211536598407811e+00
2.900000000000000000e+01, -2.211407014569524154e+00
3.000000000000000000e+01, -2.395193979549257612e+00
3.100000000000000000e+01, -2.506799044825292810e+00
3.200000000000000000e+01, -2.606469729018384029e+00
3.300000000000000000e+01, -2.685942443641772037e+00
3.400000000000000000e+01, -2.811084556791491718e+00
3.500000000000000000e+01, -2.969467510938485599e+00
3.600000000000000000e+01, -3.026083630085114606e+00
3.700000000000000000e+01, -3.149032604036579919e+00
3.800000000000000000e+01, -3.273058118326229060e+00
3.900000000000000000e+01, -3.370827718484913582e+00
4.000000000000000000e+01, -3.473081967644477519e+00
4.100000000000000000e+01, -3.572022557091115491e+00
4.200000000000000000e+01, -3.704862233590153320e+00
4.300000000000000000e+01, -3.788581788248953419e+00
4.400000000000000000e+01, -3.894952017776068143e+00
4.500000000000000000e+01, -3.996239768921773017e+00
4.600000000000000000e+01, -4.112219208049705976e+00
4.700000000000000000e+01, -4.234011448620798923e+00
4.800000000000000000e+01, -4.285818283840638898e+00
4.900000000000000000e+01, -4.419170657147706294e+00
5.000000000000000000e+01, -4.500078247023990841e+00
5.100000000000000000e+01, -4.623751868567985923e+00
5.200000000000000000e+01, -4.715901499802050090e+00
5.300000000000000000e+01, -4.801973054746513370e+00
5.400000000000000000e+01, -4.919073798087364224e+00
5.500000000000000000e+01, -5.028157924385699751e+00
5.600000000000000000e+01, -5.102038869693495293e+00
5.700000000000000000e+01, -5.202122391394690126e+00
5.800000000000000000e+01, -5.309141073718649295e+00
5.900000000000000000e+01, -5.408531569033305786e+00
6.000000000000000000e+01, -5.495509131419190396e+00
6.100000000000000000e+01, -5.598663253925678873e+00
6.200000000000000000e+01, -5.703521397340861832e+00
6.300000000000000000e+01, -5.783514720338386539e+00
6.400000000000000000e+01, -5.890477059838139517e+00
6.500000000000000000e+01, -5.963745977550464872e+00
6.600000000000000000e+01, -6.085151686387960446e+00
6.700000000000000000e+01, -6.166873219494507730e+00
6.800000000000000000e+01, -6.250390596008880806e+00
6.900000000000000000e+01, -6.357638068368507867e+00
7.000000000000000000e+01, -6.466595471737656808e+00
7.100000000000000000e+01, -6.553702827369969341e+00
7.200000000000000000e+01, -6.615071226541007654e+00
7.300000000000000000e+01, -6.734167798593589715e+00
7.400000000000000000e+01, -6.805994369784833076e+00
7.500000000000000000e+01, -6.940230222801776705e+00
7.600000000000000000e+01, -6.979503931622966562e+00
7.700000000000000000e+01, -7.102952030003231165e+00
7.800000000000000000e+01, -7.180938955285559366e+00
7.900000000000000000e+01, -7.293956615278699651e+00
8.000000000000000000e+01, -7.345897160181904084e+00
8.100000000000000000e+01, -7.469397523889206525e+00
8.200000000000000000e+01, -7.534314072901141301e+00
8.300000000000000000e+01, -7.646590140049351447e+00
8.400000000000000000e+01, -7.722087725658682622e+00
8.500000000000000000e+01, -7.810287761917058091e+00
8.600000000000000000e+01, -7.911291127643219845e+00
8.700000000000000000e+01, -7.988514055574031936e+00
8.800000000000000000e+01, -8.061741630362213584e+00
8.900000000000000000e+01, -8.169794489224081246e+00
9.000000000000000000e+01, -8.258622270485322048e+00
9.100000000000000000e+01, -8.345380943465098511e+00
9.200000000000000000e+01, -8.427157492537757477e+00
9.300000000000000000e+01, -8.513831287795632363e+00
9.400000000000000000e+01, -8.603530170371705310e+00
9.500000000000000000e+01, -8.682788398847765876e+00
9.600000000000000000e+01, -8.776453884290031482e+00
9.700000000000000000e+01, -8.846986838763326588e+00
9.800000000000000000e+01, -8.941442237656167080e+00
9.900000000000000000e+01, -9.025450135630517678e+00
1.000000000000000000e+02, -9.107126848870485958e+00
1.010000000000000000e+02, -9.196691639351490366e+00
1.020000000000000000e+02, -9.282481794645848439e+00
1.030000000000000000e+02, -9.360412254151926348e+00
1.040000000000000000e+02, -9.432246793851062350e+00
1.050000000000000000e+02, -9.533488853401522078e+00
1.060000000000000000e+02, -9.607370984194817609e+00
1.070000000000000000e+02, -9.677661195610909317e+00
1.080000000000000000e+02, -9.782305989943830937e+00
1.090000000000000000e+02, -9.844382078012168691e+00
1.100000000000000000e+02, -9.924544812281256512e+00
1.110000000000000000e+02, -1.000166389648969556e+01
1.120000000000000000e+02, -1.008296034600224367e+01
1.130000000000000000e+02, -1.016470539703712284e+01
1.140000000000000000e+02, -1.023374690813988686e+01
1.150000000000000000e+02, -1.030564406742286110e+01
1.160000000000000000e+02, -1.039160916708870275e+01
1.170000000000000000e+02, -1.045391895596761245e+01
1.180000000000000000e+02, -1.053226388787112100e+01
1.190000000000000000e+02, -1.059205465357790210e+01
1.200000000000000000e+02, -1.065883652984317465e+01
1.210000000000000000e+02, -1.073848243094959010e+01
1.220000000000000000e+02, -1.079649249166868863e+01
1.230000000000000000e+02, -1.085187675767566162e+01
1.240000000000000000e+02, -1.090470645844126274e+01
1.250000000000000000e+02, -1.096519285440572311e+01
1.260000000000000000e+02, -1.102440632508001883e+01
1.270000000000000000e+02, -1.107073652434011635e+01
