1.000000000000000000e+00, 1.884647922814989718e+00
2.000000000000000000e+00, 2.169544004980992202e+00
3.000000000000000000e+00, 1.604620269322940773e+00
4.000000000000000000e+00, 9.349477765106685156e-01
5.000000000000000000e+00, 7.291407489703809475e-01
6.000000000000000000e+00, 3.994297214436228760e-01
7.000000000000000000e+00, -1.013857104782075053e-01
8.000000000000000000e+00, -2.657327406335921460e-01
9.000000000000000000e+00, -7.096599789274803394e-01
1.000000000000000000e+01, -9.668726400024412193e-01
1.100000000000000000e+01, -1.360304850155866774e+00
1.200000000000000000e+01, -1.581086163354984642e+00
1.300000000000000000e+01, -1.902076130360373263e+00
1.400000000000000000e+01, -2.178294611540682713e+00
1.500000000000000000e+01, -2.450086334240618946e+00
1.600000000000000000e+01, -2.678778593355365167e+00
1.700000000000000000e+01, -2.954542096312195110e+00
1.800000000000000000e+01, -3.179768010823236235e+00
1.900000000000000000e+01, -3.501704810808825119e+00
2.000000000000000000e+01, -3.677219494526649424e+00
2.100000000000000000e+01, -3.989355314347895920e+00
2.200000000000000000e+01, -4.137197183396691180e+00
2.300000000000000000e+01, -4.421455355742294202e+00
2.400000000000000000e+01, -4.619377266938582416e+00
2.500000000000000000e+01, -4.861888950702359047e+00
2.600000000000000000e+01, -5.073777699498726257e+00
2.700000000000000000e+01, -5.293336080315375725e+00
2.800000000000000000e+01, -5.523920498597615136e+00
2.900000000000000000e+01, -5.672408374424891875e+00
3.000000000000000000e+01, -5.953256351184818662e+00
3.100000000000000000e+01, -6.156645270961464966e+00
3.200000000000000000e+01, -6.348360134727436765e+00
3.300000000000000000e+01, -6.520757632497552692e+00
3.400000000000000000e+01, -6.738287240916406517e+00
3.500000000000000000e+01, -6.986223254220914392e+00
3.600000000000000000e+01, -7.131456952868002297e+00
3.700000000000000000e+01, -7.343954267264127367e+00
3.800000000000000000e+01, -7.556494759771462455e+00
3.900000000000000000e+01, -7.741073063472593496e+00
4.000000000000000000e+01, -7.930167733295557575e+00
4.100000000000000000e+01, -8.116151282315918536e+00
4.200000000000000000e+01, -8.335180927868940159e+00
4.300000000000000000e+01, -8.504291632108902377e+00
4.400000000000000000e+01, -8.696249124095343674e+00
4.500000000000000000e+01, -8.883278857464347311e+00
4.600000000000000000e+01, -9.084147340435007933e+00
4.700000000000000000e+01, -9.289582829567368805e+00
4.800000000000000000e+01, -9.425335307470747992e+00
4.900000000000000000e+01, -9.643840308333270883e+00
5.000000000000000000e+01, -9.809195628778645926e+00
5.100000000000000000e+01, -1.001702412886200300e+01
5.200000000000000000e+01, -1.019251995290006896e+01
5.300000000000000000e+01, -1.036259150223538406e+01
5.400000000000000000e+01, -1.056384494814280295e+01
5.500000000000000000e+01, -1.075546487135988549e+01
5.600000000000000000e+01, -1.091264012910634307e+01
5.700000000000000000e+01, -1.109655642588029778e+01
5.800000000000000000e+01, -1.128695145146120637e+01
5.900000000000000000e+01, -1.146939219109178687e+01
6.000000000000000000e+01, -1.163947106084525807e+01
6.100000000000000000e+01, -1.182585546810475563e+01
6.200000000000000000e+01, -1.201328985421148410e+01
6.300000000000000000e+01, -1.217600190802530413e+01
6.400000000000000000e+01, -1.236578231604439360e+01
6.500000000000000000e+01, -1.252233034538932088e+01
6.600000000000000000e+01, -1.272683834802566771e+01
6.700000000000000000e+01, -1.289062883379596869e+01
6.800000000000000000e+01, -1.305749396700717213e+01
6.900000000000000000e+01, -1.324790181330371652e+01
7.000000000000000000e+01, -1.343878381595908245e+01
7.100000000000000000e+01, -1.360723446299827977e+01
7.200000000000000000e+01, -1.375102621562649929e+01
7.300000000000000000e+01, -1.395332732461517899e+01
7.400000000000000000e+01, -1.410723690090062554e+01
7.500000000000000000e+01, -1.432315690859826773e+01
7.600000000000000000e+01, -1.444405431555043862e+01
7.700000000000000000e+01, -1.465010587309907386e+01
7.800000000000000000e+01, -1.480961291843123462e+01
7.900000000000000000e+01, -1.500378414941562255e+01
8.000000000000000000e+01, -1.513717142624608059e+01
8.100000000000000000e+01, -1.534209599676673186e+01
8.200000000000000000e+01, -1.548821113482747336e+01
8.300000000000000000e+01, -1.568120248447148768e+01
8.400000000000000000e+01, -1.583703899690248740e+01
8.500000000000000000e+01, -1.600607992642364863e+01
8.600000000000000000e+01, -1.618685311926669357e+01
8.700000000000000000e+01, -1.634404897511330290e+01
8.800000000000000000e+01, -1.649729848385007713e+01
8.900000000000000000e+01, -1.668571726106946329e+01
9.000000000000000000e+01, -1.685328155041743514e+01
9.100000000000000000e+01, -1.701852441307252306e+01
9.200000000000000000e+01, -1.717861557415055884e+01
9.300000000000000000e+01, -1.734315659890693340e+01
9.400000000000000000e+01, -1.751091146310236368e+01
9.500000000000000000e+01, -1.766716887476664866e+01
9.600000000000000000e+01, -1.783802992350285521e+01
9.700000000000000000e+01, -1.798517344567419229e+01
9.800000000000000000e+01, -1.815634248377763527e+01
9.900000000000000000e+01, -1.831628810680178532e+01
1.000000000000000000e+02, -1.847307568220508855e+01
1.010000000000000000e+02, -1.863792753626501053e+01
1.020000000000000000e+02, -1.879766621866532361e+01
1.030000000000000000e+02, -1.894942807296590104e+01
1.040000000000000000e+02, -1.909520471997328883e+01
1.050000000000000000e+02, -1.926924039126996391e+01
1.060000000000000000e+02, -1.941567702193826861e+01
1.070000000000000000e+02, -1.955799052127661852e+01
1.080000000000000000e+02, -1.973435695141858304e+01
1.090000000000000000e+02, -1.986704065583593248e+01
1.100000000000000000e+02, -2.001783951079510615e+01
1.110000000000000000e+02, -2.016558730177344572e+01
1.120000000000000000e+02, -2.031658832403271120e+01
1.130000000000000000e+02, -2.046819273781957094e+01
1.140000000000000000e+02, -2.060581375390672676e+01
1.150000000000000000e+02, -2.074675489058979849e+01
1.160000000000000000e+02, -2.090069422424783951e+01
1.170000000000000000e+02, -2.103202972277474103e+01
1.180000000000000000e+02, -2.117785689262363036e+01
1.190000000000000000e+02, -2.130485997416036170e+01
1.200000000000000000e+02, -2.144039205373072932e+01
1.210000000000000000e+02, -2.158559469116868712e+01
1.220000000000000000e+02, -2.171086857155578542e+01
1.230000000000000000e+02, -2.183118133559541008e+01
1.240000000000000000e+02, -2.194948317479765620e+01
1.250000000000000000e+02, -2.207395046005744632e+01
1.260000000000000000e+02, -2.219328070820413146e+01
1.270000000000000000e+02, -2.229738084139021126e+01
