1.000000000000000000e+00, 1.722268059195085632e+00
2.000000000000000000e+00, 2.049757183740072097e+00
3.000000000000000000e+00, 1.505125245768395237e+00
4.000000000000000000e+00, 8.105507415761058487e-01
5.000000000000000000e+00, 5.432647063493641904e-01
6.000000000000000000e+00, 1.454924907673519063e-01
7.000000000000000000e+00, -4.187976116194792042e-01
8.000000000000000000e+00, -6.450649788464930534e-01
9.000000000000000000e+00, -1.148132020980566104e+00
1.000000000000000000e+01, -1.460711373034285110e+00
1.100000000000000000e+01, -1.905426307890700999e+00
1.200000000000000000e+01, -2.175088786999969326e+00
1.300000000000000000e+01, -2.541596364521456319e+00
1.400000000000000000e+01, -2.861502227974997314e+00
1.500000000000000000e+01, -3.176801360295155696e+00
1.600000000000000000e+01, -3.447714275502154813e+00
1.700000000000000000e+01, -3.765435552775155958e+00
1.800000000000000000e+01, -4.031849268673816766e+00
1.900000000000000000e+01, -4.393894302748306835e+00
2.000000000000000000e+01, -4.608030068964144910e+00
2.100000000000000000e+01, -4.958670406283287591e+00
2.200000000000000000e+01, -5.143930294308828088e+00
2.300000000000000000e+01, -5.466529715802439071e+00
2.400000000000000000e+01, -5.702169085448741903e+00
2.500000000000000000e+01, -5.981552703549304795e+00
2.600000000000000000e+01, -6.231123671891191762e+00
2.700000000000000000e+01, -6.487451175402599191e+00
2.800000000000000000e+01, -6.754731360849203448e+00
2.900000000000000000e+01, -6.940414800354045788e+00
3.000000000000000000e+01, -7.259124204258315949e+00
3.100000000000000000e+01, -7.498459614567170028e+00
3.200000000000000000e+01, -7.726483369117287836e+00
3.300000000000000000e+01, -7.936224885108245530e+00
3.400000000000000000e+01, -8.191595912180911654e+00
3.500000000000000000e+01, -8.475748789710145559e+00
3.600000000000000000e+01, -8.658095936415007188e+00
3.700000000000000000e+01, -8.907856505230869359e+00
3.800000000000000000e+01, -9.157522749101314474e+00
3.900000000000000000e+01, -9.378883761095229588e+00
4.000000000000000000e+01, -9.605394545155029107e+00
4.100000000000000000e+01, -9.828833484147599719e+00
4.200000000000000000e+01, -1.008477128167084125e+01
4.300000000000000000e+01, -1.029124186462816049e+01
4.400000000000000000e+01, -1.052056276393926382e+01
4.500000000000000000e+01, -1.074509477832556748e+01
4.600000000000000000e+01, -1.098335348698850922e+01
4.700000000000000000e+01, -1.122567778598033250e+01
4.800000000000000000e+01, -1.139848599930613560e+01
4.900000000000000000e+01, -1.165489411576828616e+01
5.000000000000000000e+01, -1.185769876592686067e+01
5.100000000000000000e+01, -1.210287985403495270e+01
5.200000000000000000e+01, -1.231572721474265109e+01
5.300000000000000000e+01, -1.252330872998367894e+01
5.400000000000000000e+01, -1.276221310462829095e+01
5.500000000000000000e+01, -1.299077093376024017e+01
5.600000000000000000e+01, -1.318502553065152050e+01
5.700000000000000000e+01, -1.340672532259216965e+01
5.800000000000000000e+01, -1.363446980155532984e+01
5.900000000000000000e+01, -1.385413545504602695e+01
6.000000000000000000e+01, -1.406128269430818634e+01
6.100000000000000000e+01, -1.428493365358296074e+01
6.200000000000000000e+01, -1.450938554416937443e+01
6.300000000000000000e+01, -1.470897683804432710e+01
6.400000000000000000e+01, -1.493591517262021817e+01
6.500000000000000000e+01, -1.512937663242557562e+01
6.600000000000000000e+01, -1.537087097811573067e+01
6.700000000000000000e+01, -1.557140660398880705e+01
6.800000000000000000e+01, -1.577506186705154612e+01
6.900000000000000000e+01, -1.600231757056266702e+01
7.000000000000000000e+01, -1.622930002812898920e+01
7.100000000000000000e+01, -1.643380524585429114e+01
7.200000000000000000e+01, -1.661398525348192479e+01
7.300000000000000000e+01, -1.685261109031203475e+01
7.400000000000000000e+01, -1.704267667540965547e+01
7.500000000000000000e+01, -1.729442384820112721e+01
7.600000000000000000e+01, -1.745093248940577269e+01
7.700000000000000000e+01, -1.769272215751716715e+01
7.800000000000000000e+01, -1.788772163267990933e+01
7.900000000000000000e+01, -1.811664535787559061e+01
8.000000000000000000e+01, -1.828529725140298012e+01
8.100000000000000000e+01, -1.852499768885057918e+01
8.200000000000000000e+01, -1.870564976723177253e+01
8.300000000000000000e+01, -1.893314752988706573e+01
8.400000000000000000e+01, -1.912288087572445150e+01
8.500000000000000000e+01, -1.932577156180834876e+01
8.600000000000000000e+01, -1.953992829743577531e+01
8.700000000000000000e+01, -1.972991214126284021e+01
8.800000000000000000e+01, -1.991630610375013433e+01
8.900000000000000000e+01, -2.013733664834460413e+01
9.000000000000000000e+01, -2.033686577185231315e+01
9.100000000000000000e+01, -2.053342919609689332e+01
9.200000000000000000e+01, -2.072433652330191478e+01
9.300000000000000000e+01, -2.091981415874736783e+01
9.400000000000000000e+01, -2.111723343857924107e+01
9.500000000000000000e+01, -2.130313141572911562e+01
9.600000000000000000e+01, -2.150251945742160231e+01
9.700000000000000000e+01, -2.167804498483322817e+01
9.800000000000000000e+01, -2.187669761062620921e+01
9.900000000000000000e+01, -2.206331285262891484e+01
1.000000000000000000e+02, -2.224590849432533801e+01
1.010000000000000000e+02, -2.243598568675938765e+01
1.020000000000000000e+02, -2.261962739171766401e+01
1.030000000000000000e+02, -2.279447635679403561e+01
1.040000000000000000e+02, -2.296245348804447772e+01
1.050000000000000000e+02, -2.315782250829813904e+01
1.060000000000000000e+02, -2.332432157354419999e+01
1.070000000000000000e+02, -2.348554142336179851e+01
1.080000000000000000e+02, -2.367955189389467918e+01
1.090000000000000000e+02, -2.382847925668564315e+01
1.100000000000000000e+02, -2.399494087893566174e+01
1.110000000000000000e+02, -2.415681448617114313e+01
1.120000000000000000e+02, -2.432051565307525109e+01
1.130000000000000000e+02, -2.448319582221617452e+01
1.140000000000000000e+02, -2.463091652277183385e+01
1.150000000000000000e+02, -2.478084407672746536e+01
1.160000000000000000e+02, -2.494185529954435765e+01
1.170000000000000000e+02, -2.507900714062402159e+01
1.180000000000000000e+02, -2.522952669342202725e+01
1.190000000000000000e+02, -2.535962923765960042e+01
1.200000000000000000e+02, -2.549703366832391538e+01
1.210000000000000000e+02, -2.564267369203649594e+01
1.220000000000000000e+02, -2.576724906898194334e+01
1.230000000000000000e+02, -2.588547501143228047e+01
1.240000000000000000e+02, -2.600054450965351549e+01
1.250000000000000000e+02, -2.612055205685225090e+01
1.260000000000000000e+02, -2.623449393947952046e+01
1.270000000000000000e+02, -2.633261337906519728e+01
