1.000000000000000000e+00, 2.347336093610544960e+00
2.000000000000000000e+00, 2.512763610273857307e+00
3.000000000000000000e+00, 1.840799833342317671e+00
4.000000000000000000e+00, 1.141678432811591426e+00
5.000000000000000000e+00, 9.902244136639088978e-01
6.000000000000000000e+00, 7.518211046016439747e-01
7.000000000000000000e+00, 3.559464713485086529e-01
8.000000000000000000e+00, 2.965463789189123900e-01
9.000000000000000000e+00, -3.747373147538354127e-02
1.000000000000000000e+01, -1.928023712913332077e-01
1.100000000000000000e+01, -4.891626536538942749e-01
1.200000000000000000e+01, -6.180208498476560397e-01
1.300000000000000000e+01, -8.493312732983141489e-01
1.400000000000000000e+01, -1.040851277072319281e+00
1.500000000000000000e+01, -1.231812758848367828e+00
1.600000000000000000e+01, -1.381713514399590004e+00
1.700000000000000000e+01, -1.579922480968385168e+00
1.800000000000000000e+01, -1.730113585933791942e+00
1.900000000000000000e+01, -1.979662891108183720e+00
2.000000000000000000e+01, -2.086281881392082038e+00
2.100000000000000000e+01, -2.330867384566915224e+00
2.200000000000000000e+01, -2.412188887825654326e+00
2.300000000000000000e+01, -2.630696807641972335e+00
2.400000000000000000e+01, -2.764569552601658486e+00
2.500000000000000000e+01, -2.943720960558598776e+00
2.600000000000000000e+01, -3.093716642509792614e+00
2.700000000000000000e+01, -3.252288733619386640e+00
2.800000000000000000e+01, -3.422094967797199683e+00
2.900000000000000000e+01, -3.510442068781983505e+00
3.000000000000000000e+01, -3.730766541135968506e+00
3.100000000000000000e+01, -3.876825936994228172e+00
3.200000000000000000e+01, -4.010824364842525469e+00
3.300000000000000000e+01, -4.124656872595263479e+00
3.400000000000000000e+01, -4.283984897645533252e+00
3.500000000000000000e+01, -4.475207286475264112e+00
3.600000000000000000e+01, -4.564010141043964630e+00
3.700000000000000000e+01, -4.719282722693593612e+00
3.800000000000000000e+01, -4.875127929551466899e+00
3.900000000000000000e+01, -5.003877600611215115e+00
4.000000000000000000e+01, -5.137098419706974006e+00
4.100000000000000000e+01, -5.266836561165823660e+00
4.200000000000000000e+01, -5.429879249948539766e+00
4.300000000000000000e+01, -5.543553143547332418e+00
4.400000000000000000e+01, -5.679937127853931678e+00
4.500000000000000000e+01, -5.810867676567339934e+00
4.600000000000000000e+01, -5.956247084648079060e+00
4.700000000000000000e+01, -6.106864620403534616e+00
4.800000000000000000e+01, -6.187555495436106057e+00
4.900000000000000000e+01, -6.350133523979461181e+00
5.000000000000000000e+01, -6.459875463201990797e+00
5.100000000000000000e+01, -6.612207001480470581e+00
5.200000000000000000e+01, -6.732640696279150738e+00
5.300000000000000000e+01, -6.847320402513365600e+00
5.400000000000000000e+01, -6.992817507846572411e+00
5.500000000000000000e+01, -7.129741144480852277e+00
5.600000000000000000e+01, -7.231963588643422369e+00
5.700000000000000000e+01, -7.360242822780409533e+00
5.800000000000000000e+01, -7.495279183943027057e+00
5.900000000000000000e+01, -7.622629419794440864e+00
6.000000000000000000e+01, -7.737377859740171893e+00
6.100000000000000000e+01, -7.868610869375447514e+00
6.200000000000000000e+01, -8.001148309455290430e+00
6.300000000000000000e+01, -8.108795798489003559e+00
6.400000000000000000e+01, -8.243528323462365748e+00
6.500000000000000000e+01, -8.344801414554494201e+00
6.600000000000000000e+01, -8.494218408128629605e+00
6.700000000000000000e+01, -8.603423337729575238e+00
6.800000000000000000e+01, -8.714910078575304198e+00
6.900000000000000000e+01, -8.850156959967343084e+00
7.000000000000000000e+01, -8.986723461764523080e+00
7.100000000000000000e+01, -9.101276360877578853e+00
7.200000000000000000e+01, -9.190328974838029907e+00
7.300000000000000000e+01, -9.337617981739425588e+00
7.400000000000000000e+01, -9.437206497025801610e+00
7.500000000000000000e+01, -9.599019380078193109e+00
7.600000000000000000e+01, -9.666042601055291783e+00
7.700000000000000000e+01, -9.817532839796358601e+00
7.800000000000000000e+01, -9.923219320776974328e+00
7.900000000000000000e+01, -1.006402528838025390e+01
8.000000000000000000e+01, -1.014374322138553630e+01
8.100000000000000000e+01, -1.029514344191358255e+01
8.200000000000000000e+01, -1.038802404005303615e+01
8.300000000000000000e+01, -1.052793079391428321e+01
8.400000000000000000e+01, -1.063119859661032862e+01
8.500000000000000000e+01, -1.074751278251225450e+01
8.600000000000000000e+01, -1.087613252034749145e+01
8.700000000000000000e+01, -1.098131784306678327e+01
8.800000000000000000e+01, -1.108234977852589864e+01
8.900000000000000000e+01, -1.121867797270661349e+01
9.000000000000000000e+01, -1.133511430660652053e+01
9.100000000000000000e+01, -1.144961005065002801e+01
9.200000000000000000e+01, -1.155925530602290863e+01
9.300000000000000000e+01, -1.167351902482728221e+01
9.400000000000000000e+01, -1.179140238774258620e+01
9.500000000000000000e+01, -1.189810723066162979e+01
9.600000000000000000e+01, -1.201979332661762534e+01
9.700000000000000000e+01, -1.211802133511940482e+01
9.800000000000000000e+01, -1.224061899350973803e+01
9.900000000000000000e+01, -1.235244205711754972e+01
1.000000000000000000e+02, -1.246190405331227780e+01
1.010000000000000000e+02, -1.257945868273879064e+01
1.020000000000000000e+02, -1.269299431872091510e+01
1.030000000000000000e+02, -1.279880092491723786e+01
1.040000000000000000e+02, -1.289880805120013108e+01
1.050000000000000000e+02, -1.302789139129048124e+01
1.060000000000000000e+02, -1.312980331502076226e+01
1.070000000000000000e+02, -1.322818126430596131e+01
1.080000000000000000e+02, -1.336117976654508688e+01
1.090000000000000000e+02, -1.345139925613773357e+01
1.100000000000000000e+02, -1.355965249958183705e+01
1.110000000000000000e+02, -1.366549981007980286e+01
1.120000000000000000e+02, -1.377529206194239109e+01
1.130000000000000000e+02, -1.388635089143286727e+01
1.140000000000000000e+02, -1.398390848971832412e+01
1.150000000000000000e+02, -1.408488761261037681e+01
1.160000000000000000e+02, -1.419993895659805538e+01
1.170000000000000000e+02, -1.429253972630313640e+01
1.180000000000000000e+02, -1.440015468760349471e+01
1.190000000000000000e+02, -1.448956619534265400e+01
1.200000000000000000e+02, -1.458723036444958332e+01
1.210000000000000000e+02, -1.469610808937681412e+01
1.220000000000000000e+02, -1.478480262499148523e+01
1.230000000000000000e+02, -1.486950381159262946e+01
1.240000000000000000e+02, -1.495248953678528991e+01
1.250000000000000000e+02, -1.504245551444272522e+01
1.260000000000000000e+02, -1.512949461075774771e+01
1.270000000000000000e+02, -1.520225284231551477e+01
