1.000000000000000000e+00, 2.219795877556636654e+00
2.000000000000000000e+00, 2.443521813016109601e+00
3.000000000000000000e+00, 1.782852519763633570e+00
4.000000000000000000e+00, 1.108985028661575667e+00
5.000000000000000000e+00, 9.495980228368305909e-01
6.000000000000000000e+00, 7.018692600975885432e-01
7.000000000000000000e+00, 2.876691104794296683e-01
8.000000000000000000e+00, 2.150811579378097138e-01
9.000000000000000000e+00, -1.369851718449277278e-01
1.000000000000000000e+01, -3.099167413778712854e-01
1.100000000000000000e+01, -6.226806210702027222e-01
1.200000000000000000e+01, -7.679662514146822216e-01
1.300000000000000000e+01, -1.015350070249308123e+00
1.400000000000000000e+01, -1.221922032518738099e+00
1.500000000000000000e+01, -1.426539884637522571e+00
1.600000000000000000e+01, -1.589966082395469105e+00
1.700000000000000000e+01, -1.802105170454075589e+00
1.800000000000000000e+01, -1.965061986311935183e+00
1.900000000000000000e+01, -2.227521188629595805e+00
2.000000000000000000e+01, -2.346114558766745350e+00
2.100000000000000000e+01, -2.601933361155098989e+00
2.200000000000000000e+01, -2.695098000532237581e+00
2.300000000000000000e+01, -2.924273255359154611e+00
2.400000000000000000e+01, -3.069302146510290985e+00
2.500000000000000000e+01, -3.259041804885026483e+00
2.600000000000000000e+01, -3.419201847887904933e+00
2.700000000000000000e+01, -3.587919170246909761e+00
2.800000000000000000e+01, -3.767819211369090482e+00
2.900000000000000000e+01, -3.866125023428534035e+00
3.000000000000000000e+01, -4.096265233104473324e+00
3.100000000000000000e+01, -4.251773366058923642e+00
3.200000000000000000e+01, -4.394915516975660630e+00
3.300000000000000000e+01, -4.518235787514553792e+00
3.400000000000000000e+01, -4.686852099619541967e+00
3.500000000000000000e+01, -4.886982320188000273e+00
3.600000000000000000e+01, -4.984538936333693826e+00
3.700000000000000000e+01, -5.149121663133390037e+00
3.800000000000000000e+01, -5.313673994998745265e+00
3.900000000000000000e+01, -5.451156073204582064e+00
4.000000000000000000e+01, -5.593038488150306797e+00
4.100000000000000000e+01, -5.731409465605759479e+00
4.200000000000000000e+01, -5.903109947136540470e+00
4.300000000000000000e+01, -6.025270441512025066e+00
4.400000000000000000e+01, -6.169929712156363877e+00
4.500000000000000000e+01, -6.309562910733838237e+00
4.600000000000000000e+01, -6.463305681857336893e+00
4.700000000000000000e+01, -6.622270479761235507e+00
4.800000000000000000e+01, -6.711265772600028434e+00
4.900000000000000000e+01, -6.882231327170328150e+00
5.000000000000000000e+01, -7.000417567797390994e+00
5.100000000000000000e+01, -7.161080489321789422e+00
5.200000000000000000e+01, -7.289708920091027444e+00
5.300000000000000000e+01, -7.412642369913147178e+00
5.400000000000000000e+01, -7.566603804037767667e+00
5.500000000000000000e+01, -7.711809967977161229e+00
5.600000000000000000e+01, -7.822078651978906727e+00
5.700000000000000000e+01, -7.958713113242774639e+00
5.800000000000000000e+01, -8.102026211468066563e+00
5.900000000000000000e+01, -8.237613761714026595e+00
6.000000000000000000e+01, -8.360657867408457733e+00
6.100000000000000000e+01, -8.499986857178852162e+00
6.200000000000000000e+01, -8.640870900978834257e+00
6.300000000000000000e+01, -8.756892930651961393e+00
6.400000000000000000e+01, -8.899740082833638155e+00
6.500000000000000000e+01, -9.009359073429012099e+00
6.600000000000000000e+01, -9.167033241575634150e+00
6.700000000000000000e+01, -9.284377914332543114e+00
6.800000000000000000e+01, -9.404226292520803554e+00
6.900000000000000000e+01, -9.547736489696415418e+00
7.000000000000000000e+01, -9.692566800034738250e+00
7.100000000000000000e+01, -9.815195180720545309e+00
7.200000000000000000e+01, -9.912692603620810061e+00
7.300000000000000000e+01, -1.006823144689067462e+01
7.400000000000000000e+01, -1.017605084752827160e+01
7.500000000000000000e+01, -1.034598479040761454e+01
7.600000000000000000e+01, -1.042120045365103387e+01
7.700000000000000000e+01, -1.058101567476360039e+01
7.800000000000000000e+01, -1.069495514802298430e+01
7.900000000000000000e+01, -1.084382726925951523e+01
8.000000000000000000e+01, -1.093178829984455902e+01
8.100000000000000000e+01, -1.109138289522908316e+01
8.200000000000000000e+01, -1.119244341575322466e+01
8.300000000000000000e+01, -1.134058412267346760e+01
8.400000000000000000e+01, -1.145195817839194596e+01
8.500000000000000000e+01, -1.157624595537206247e+01
8.600000000000000000e+01, -1.171300992093684101e+01
8.700000000000000000e+01, -1.182632134052374262e+01
8.800000000000000000e+01, -1.193543308063664732e+01
8.900000000000000000e+01, -1.207986486195302689e+01
9.000000000000000000e+01, -1.220435281389100091e+01
9.100000000000000000e+01, -1.232677021960265229e+01
9.200000000000000000e+01, -1.244432102602966239e+01
9.300000000000000000e+01, -1.256655594869254600e+01
9.400000000000000000e+01, -1.269231718771055561e+01
9.500000000000000000e+01, -1.280683515922215321e+01
9.600000000000000000e+01, -1.293647675072645775e+01
9.700000000000000000e+01, -1.304249843992415059e+01
9.800000000000000000e+01, -1.317286241040480554e+01
9.900000000000000000e+01, -1.329250745309305870e+01
1.000000000000000000e+02, -1.340957606176547756e+01
1.010000000000000000e+02, -1.353487867145367751e+01
1.020000000000000000e+02, -1.365605689407283663e+01
1.030000000000000000e+02, -1.376939899613712726e+01
1.040000000000000000e+02, -1.387698970190095871e+01
1.050000000000000000e+02, -1.401361266974727116e+01
1.060000000000000000e+02, -1.412299037073308838e+01
1.070000000000000000e+02, -1.422883801156353911e+01
1.080000000000000000e+02, -1.436933314808715956e+01
1.090000000000000000e+02, -1.446685558456771403e+01
1.100000000000000000e+02, -1.458256803485136111e+01
1.110000000000000000e+02, -1.469578725790183071e+01
1.120000000000000000e+02, -1.481289142337774578e+01
1.130000000000000000e+02, -1.493132125763302476e+01
1.140000000000000000e+02, -1.503622333360942953e+01
1.150000000000000000e+02, -1.514452669713560873e+01
1.160000000000000000e+02, -1.526689056779509812e+01
1.170000000000000000e+02, -1.536688364561617348e+01
1.180000000000000000e+02, -1.548175738371653232e+01
1.190000000000000000e+02, -1.557848777646790062e+01
1.200000000000000000e+02, -1.568372234155619793e+01
1.210000000000000000e+02, -1.579983848432354776e+01
1.220000000000000000e+02, -1.589605673255882756e+01
1.230000000000000000e+02, -1.598798151649664590e+01
1.240000000000000000e+02, -1.607838775410681365e+01
1.250000000000000000e+02, -1.617561888713139240e+01
1.260000000000000000e+02, -1.626952226884106878e+01
1.270000000000000000e+02, -1.634905028882204547e+01
