1.000000000000000000e+00, 2.632212899223867364e+00
2.000000000000000000e+00, 2.729349547617915483e+00
3.000000000000000000e+00, 2.028879331529124475e+00
4.000000000000000000e+00, 1.285411293326598425e+00
5.000000000000000000e+00, 1.110877016314351318e+00
6.000000000000000000e+00, 8.819578956172933193e-01
7.000000000000000000e+00, 5.111139018973435144e-01
8.000000000000000000e+00, 4.857710263868378342e-01
9.000000000000000000e+00, 1.892775164162464330e-01
1.000000000000000000e+01, 7.442497018829744015e-02
1.100000000000000000e+01, -1.838987437590220986e-01
1.200000000000000000e+01, -2.740913361916024749e-01
1.300000000000000000e+01, -4.667871554896207420e-01
1.400000000000000000e+01, -6.219477161663889975e-01
1.500000000000000000e+01, -7.768812370157034408e-01
1.600000000000000000e+01, -8.911883760929856235e-01
1.700000000000000000e+01, -1.055777941583714075e+00
1.800000000000000000e+01, -1.173519101319455249e+00
1.900000000000000000e+01, -1.391582968596540848e+00
2.000000000000000000e+01, -1.467778325568088515e+00
2.100000000000000000e+01, -1.683312081705430785e+00
2.200000000000000000e+01, -1.736513786936224824e+00
2.300000000000000000e+01, -1.926440244777076316e+00
2.400000000000000000e+01, -2.033465582778461567e+00
2.500000000000000000e+01, -2.186388348105162471e+00
2.600000000000000000e+01, -2.310362788169586956e+00
2.700000000000000000e+01, -2.444167385766186307e+00
2.800000000000000000e+01, -2.589686460784484723e+00
2.900000000000000000e+01, -2.653806305815892053e+00
3.000000000000000000e+01, -2.850053771484645893e+00
3.100000000000000000e+01, -2.973649171753026454e+00
3.200000000000000000e+01, -3.085202358602893824e+00
3.300000000000000000e+01, -3.176434013960657943e+00
3.400000000000000000e+01, -3.313349294113303589e+00
3.500000000000000000e+01, -3.482751284056829544e+00
3.600000000000000000e+01, -3.550466005514533840e+00
3.700000000000000000e+01, -3.684556931056662155e+00
3.800000000000000000e+01, -3.819593673107890552e+00
3.900000000000000000e+01, -3.927727952468621719e+00
4.000000000000000000e+01, -4.040475158245561360e+00
4.100000000000000000e+01, -4.149687970291508599e+00
4.200000000000000000e+01, -4.292789982501361123e+00
4.300000000000000000e+01, -4.386542628788083320e+00
4.400000000000000000e+01, -4.502985396929434891e+00
4.500000000000000000e+01, -4.614156337897930449e+00
4.600000000000000000e+01, -4.740069787267286117e+00
4.700000000000000000e+01, -4.871548446861991621e+00
4.800000000000000000e+01, -4.932905052102530163e+00
4.900000000000000000e+01, -5.075926907761449058e+00
5.000000000000000000e+01, -5.166627998313496839e+00
5.100000000000000000e+01, -5.299718838292162282e+00
5.200000000000000000e+01, -5.401250642246985478e+00
5.300000000000000000e+01, -5.496856656841144328e+00
5.400000000000000000e+01, -5.623314488870728489e+00
5.500000000000000000e+01, -5.741669092262415397e+00
5.600000000000000000e+01, -5.824787871428087627e+00
5.700000000000000000e+01, -5.934110187483889298e+00
5.800000000000000000e+01, -6.050443941820043747e+00
5.900000000000000000e+01, -6.159014480232502642e+00
6.000000000000000000e+01, -6.255090229950352132e+00
6.100000000000000000e+01, -6.367352609050304757e+00
6.200000000000000000e+01, -6.481330600085966509e+00
6.300000000000000000e+01, -6.570553387613692564e+00
6.400000000000000000e+01, -6.686563195216058020e+00
6.500000000000000000e+01, -6.768973912105039403e+00
6.600000000000000000e+01, -6.899652736547441378e+00
6.700000000000000000e+01, -6.990170045847550639e+00
6.800000000000000000e+01, -7.082908012777352269e+00
6.900000000000000000e+01, -7.199263091596041164e+00
7.000000000000000000e+01, -7.317363566011809262e+00
7.100000000000000000e+01, -7.413374282137985993e+00
7.200000000000000000e+01, -7.483925398386492844e+00
7.300000000000000000e+01, -7.612227119033225797e+00
7.400000000000000000e+01, -7.693037850720893189e+00
7.500000000000000000e+01, -7.836325273635978306e+00
7.600000000000000000e+01, -7.884643394949704565e+00
7.700000000000000000e+01, -8.017336723614185701e+00
7.800000000000000000e+01, -8.104407371209966016e+00
7.900000000000000000e+01, -8.226543188566687093e+00
8.000000000000000000e+01, -8.287590480951054772e+00
8.100000000000000000e+01, -8.420264632974786778e+00
8.200000000000000000e+01, -8.494362906228491994e+00
8.300000000000000000e+01, -8.615699595676803213e+00
8.400000000000000000e+01, -8.700367189296455805e+00
8.500000000000000000e+01, -8.797779453594031907e+00
8.600000000000000000e+01, -8.907935329967800797e+00
8.700000000000000000e+01, -8.994400372669538513e+00
8.800000000000000000e+01, -9.076814479746159847e+00
8.900000000000000000e+01, -9.194322592144713369e+00
9.000000000000000000e+01, -9.292273161101093137e+00
9.100000000000000000e+01, -9.388216238092290666e+00
9.200000000000000000e+01, -9.479222228257883742e+00
9.300000000000000000e+01, -9.575127357266955741e+00
9.400000000000000000e+01, -9.674338150257923985e+00
9.500000000000000000e+01, -9.762639018772183874e+00
9.600000000000000000e+01, -9.865815354292724493e+00
9.700000000000000000e+01, -9.945617772594106398e+00
9.800000000000000000e+01, -1.004966644919591623e+01
9.900000000000000000e+01, -1.014302486595758523e+01
1.000000000000000000e+02, -1.023413378929067896e+01
1.010000000000000000e+02, -1.033328844599980201e+01
1.020000000000000000e+02, -1.042846803553073975e+01
1.030000000000000000e+02, -1.051592617286893017e+01
1.040000000000000000e+02, -1.059753526746224495e+01
1.050000000000000000e+02, -1.070831907430958907e+01
1.060000000000000000e+02, -1.079188691099933806e+01
1.070000000000000000e+02, -1.087195412897392011e+01
1.080000000000000000e+02, -1.098654224769785337e+01
1.090000000000000000e+02, -1.105850733754829918e+01
1.100000000000000000e+02, -1.114851798153456564e+01
1.110000000000000000e+02, -1.123571875967418876e+01
1.120000000000000000e+02, -1.132701444295125448e+01
1.130000000000000000e+02, -1.141939638783195043e+01
1.140000000000000000e+02, -1.149847918393523116e+01
1.150000000000000000e+02, -1.158073190391514018e+01
1.160000000000000000e+02, -1.167715107732565194e+01
1.170000000000000000e+02, -1.175031517870296938e+01
1.180000000000000000e+02, -1.183919300558774879e+01
1.190000000000000000e+02, -1.190972500662183364e+01
1.200000000000000000e+02, -1.198770343126158267e+01
1.210000000000000000e+02, -1.207788739438283621e+01
1.220000000000000000e+02, -1.214708443083931222e+01
1.230000000000000000e+02, -1.221291975177046041e+01
1.240000000000000000e+02, -1.227668874398026233e+01
1.250000000000000000e+02, -1.234775635089162016e+01
1.260000000000000000e+02, -1.241694171999410301e+01
1.270000000000000000e+02, -1.247271550186759725e+01
