1.000000000000000000e+00, 1.583552025614109793e+00
2.000000000000000000e+00, 1.940714799953369152e+00
3.000000000000000000e+00, 1.398117357609437450e+00
4.000000000000000000e+00, 6.333337726274579360e-01
5.000000000000000000e+00, 2.895337192892135647e-01
6.000000000000000000e+00, -1.885907435368866236e-01
7.000000000000000000e+00, -8.302349223337345263e-01
8.000000000000000000e+00, -1.119907585364201319e+00
9.000000000000000000e+00, -1.689769029180232307e+00
1.000000000000000000e+01, -2.061552251703652416e+00
1.100000000000000000e+01, -2.564104802559116880e+00
1.200000000000000000e+01, -2.886807039364371441e+00
1.300000000000000000e+01, -3.306415559290668771e+00
1.400000000000000000e+01, -3.677984886608284931e+00
1.500000000000000000e+01, -4.041804009754329741e+00
1.600000000000000000e+01, -4.362291120391631694e+00
1.700000000000000000e+01, -4.729408801924678052e+00
1.800000000000000000e+01, -5.044252131970784703e+00
1.900000000000000000e+01, -5.454239671686401891e+00
2.000000000000000000e+01, -5.714962901420670427e+00
2.100000000000000000e+01, -6.112963615143690355e+00
2.200000000000000000e+01, -6.345008095932340275e+00
2.300000000000000000e+01, -6.715784321709391769e+00
2.400000000000000000e+01, -6.997530038642631567e+00
2.500000000000000000e+01, -7.324612678508117369e+00
2.600000000000000000e+01, -7.621243291559052224e+00
2.700000000000000000e+01, -7.924574299937498623e+00
2.800000000000000000e+01, -8.239799389870499979e+00
2.900000000000000000e+01, -8.473032709743765878e+00
3.000000000000000000e+01, -8.840917460701341213e+00
3.100000000000000000e+01, -9.126610484007686708e+00
3.200000000000000000e+01, -9.402177793934413330e+00
3.300000000000000000e+01, -9.661320677535620405e+00
3.400000000000000000e+01, -9.964983149712072219e+00
3.500000000000000000e+01, -1.029784025662985769e+01
3.600000000000000000e+01, -1.052791178031667485e+01
3.700000000000000000e+01, -1.082677572330677762e+01
3.800000000000000000e+01, -1.112552130881539547e+01
3.900000000000000000e+01, -1.139502171330788016e+01
4.000000000000000000e+01, -1.167055453232004680e+01
4.100000000000000000e+01, -1.194301474119337136e+01
4.200000000000000000e+01, -1.224788374450428030e+01
4.300000000000000000e+01, -1.250321126701188845e+01
4.400000000000000000e+01, -1.278158597778607941e+01
4.500000000000000000e+01, -1.305577901212831904e+01
4.600000000000000000e+01, -1.334260226482134115e+01
4.700000000000000000e+01, -1.363390428439517343e+01
4.800000000000000000e+01, -1.385519159846416493e+01
4.900000000000000000e+01, -1.416151898360126893e+01
5.000000000000000000e+01, -1.441343730288710745e+01
5.100000000000000000e+01, -1.470817901221007062e+01
5.200000000000000000e+01, -1.496966074754881681e+01
5.300000000000000000e+01, -1.522649121708215603e+01
5.400000000000000000e+01, -1.551487617151923892e+01
5.500000000000000000e+01, -1.579174092960938758e+01
5.600000000000000000e+01, -1.603507397106391252e+01
5.700000000000000000e+01, -1.630604330963423365e+01
5.800000000000000000e+01, -1.658268598689901197e+01
5.900000000000000000e+01, -1.685125643875993973e+01
6.000000000000000000e+01, -1.710701274788313242e+01
6.100000000000000000e+01, -1.737972488675711702e+01
6.200000000000000000e+01, -1.765220116337032863e+01
6.300000000000000000e+01, -1.790049870732512360e+01
6.400000000000000000e+01, -1.817588332027876774e+01
6.500000000000000000e+01, -1.841807546098556969e+01
6.600000000000000000e+01, -1.870823957109098501e+01
6.700000000000000000e+01, -1.895631120488636867e+01
6.800000000000000000e+01, -1.920871343516881424e+01
6.900000000000000000e+01, -1.948405160602389330e+01
7.000000000000000000e+01, -1.975857441752836152e+01
7.100000000000000000e+01, -2.001001009090634497e+01
7.200000000000000000e+01, -2.023763530783953613e+01
7.300000000000000000e+01, -2.052394720514891802e+01
7.400000000000000000e+01, -2.076087855296222173e+01
7.500000000000000000e+01, -2.105913808634931073e+01
7.600000000000000000e+01, -2.126165820183194199e+01
7.700000000000000000e+01, -2.154969609329596381e+01
7.800000000000000000e+01, -2.179028429370008979e+01
7.900000000000000000e+01, -2.206387617000401136e+01
8.000000000000000000e+01, -2.227713234345750948e+01
8.100000000000000000e+01, -2.256064038418728757e+01
8.200000000000000000e+01, -2.278454051941793068e+01
8.300000000000000000e+01, -2.305447068078401074e+01
8.400000000000000000e+01, -2.328563428542856073e+01
8.500000000000000000e+01, -2.352923008937407445e+01
8.600000000000000000e+01, -2.378264759574339138e+01
8.700000000000000000e+01, -2.401089046020963735e+01
8.800000000000000000e+01, -2.423443256993158101e+01
8.900000000000000000e+01, -2.449132646606123842e+01
9.000000000000000000e+01, -2.472450677754280690e+01
9.100000000000000000e+01, -2.495313714528829152e+01
9.200000000000000000e+01, -2.517409267189187361e+01
9.300000000000000000e+01, -2.539758527647256514e+01
9.400000000000000000e+01, -2.562081402436003330e+01
9.500000000000000000e+01, -2.583013393961144288e+01
9.600000000000000000e+01, -2.605046338595397160e+01
9.700000000000000000e+01, -2.624415534184422327e+01
9.800000000000000000e+01, -2.645813567877107175e+01
9.900000000000000000e+01, -2.665734421044653502e+01
1.000000000000000000e+02, -2.684903211480532548e+01
1.010000000000000000e+02, -2.704579380931328814e+01
1.020000000000000000e+02, -2.723183429037072401e+01
1.030000000000000000e+02, -2.740718876541042093e+01
1.040000000000000000e+02, -2.757179400434339200e+01
1.050000000000000000e+02, -2.776067746253431778e+01
1.060000000000000000e+02, -2.791824289925931168e+01
1.070000000000000000e+02, -2.806690863242554457e+01
1.080000000000000000e+02, -2.824615458737812190e+01
1.090000000000000000e+02, -2.837704981214884725e+01
1.100000000000000000e+02, -2.852369408769822456e+01
1.110000000000000000e+02, -2.866299919275583719e+01
1.120000000000000000e+02, -2.880198887726200851e+01
1.130000000000000000e+02, -2.893841269400770244e+01
1.140000000000000000e+02, -2.905760030339155264e+01
1.150000000000000000e+02, -2.917837520901991155e+01
1.160000000000000000e+02, -2.930759993313716549e+01
1.170000000000000000e+02, -2.941337546947818993e+01
1.180000000000000000e+02, -2.953081231405125706e+01
1.190000000000000000e+02, -2.962697346219399108e+01
1.200000000000000000e+02, -2.973076673350869825e+01
1.210000000000000000e+02, -2.984096681011207508e+01
1.220000000000000000e+02, -2.993213581504454623e+01
1.230000000000000000e+02, -3.001548165722245542e+01
1.240000000000000000e+02, -3.009755818051011644e+01
1.250000000000000000e+02, -3.018447854857328139e+01
1.260000000000000000e+02, -3.026632729875541017e+01
1.270000000000000000e+02, -3.033549339421314173e+01
