1.000000000000000000e+00, 2.033213664514601504e+00
2.000000000000000000e+00, 2.307711567573645262e+00
3.000000000000000000e+00, 1.687873883616633597e+00
4.000000000000000000e+00, 1.019168791528139772e+00
5.000000000000000000e+00, 8.506298023438733091e-01
6.000000000000000000e+00, 5.678822348252596797e-01
7.000000000000000000e+00, 1.208865406821080235e-01
8.000000000000000000e+00, 5.657724872928941197e-03
9.000000000000000000e+00, -3.898824128284069657e-01
1.000000000000000000e+01, -6.031802715402715398e-01
1.100000000000000000e+01, -9.538974507422138815e-01
1.200000000000000000e+01, -1.136417521155071775e+00
1.300000000000000000e+01, -1.418484912592102853e+00
1.400000000000000000e+01, -1.658161543348815714e+00
1.500000000000000000e+01, -1.896169495554631323e+00
1.600000000000000000e+01, -2.090716899926758465e+00
1.700000000000000000e+01, -2.333133204153797990e+00
1.800000000000000000e+01, -2.526528706814239911e+00
1.900000000000000000e+01, -2.816773665855991648e+00
2.000000000000000000e+01, -2.962616817417658588e+00
2.100000000000000000e+01, -3.244829297938202295e+00
2.200000000000000000e+01, -3.363715875942196565e+00
2.300000000000000000e+01, -3.618734474361085418e+00
2.400000000000000000e+01, -3.788542406451143929e+00
2.500000000000000000e+01, -4.003186355068556246e+00
2.600000000000000000e+01, -4.187187521394372780e+00
2.700000000000000000e+01, -4.379748675651760514e+00
2.800000000000000000e+01, -4.582896207999418436e+00
2.900000000000000000e+01, -4.704498550194739614e+00
3.000000000000000000e+01, -4.957934186382737529e+00
3.100000000000000000e+01, -5.135347975130521547e+00
3.200000000000000000e+01, -5.300696059281431616e+00
3.300000000000000000e+01, -5.446500233701453197e+00
3.400000000000000000e+01, -5.637159152531688200e+00
3.500000000000000000e+01, -5.859091306276187794e+00
3.600000000000000000e+01, -5.978239927299259904e+00
3.700000000000000000e+01, -6.164317998216548133e+00
3.800000000000000000e+01, -6.350569785554408320e+00
3.900000000000000000e+01, -6.508945685436153816e+00
4.000000000000000000e+01, -6.672234766817429552e+00
4.100000000000000000e+01, -6.831872505711829469e+00
4.200000000000000000e+01, -7.024565164421910701e+00
4.300000000000000000e+01, -7.167896647580460190e+00
4.400000000000000000e+01, -7.333660400095549647e+00
4.500000000000000000e+01, -7.494216821824283947e+00
4.600000000000000000e+01, -7.668931335602740873e+00
4.700000000000000000e+01, -7.848561868128077101e+00
4.800000000000000000e+01, -7.958173883734909637e+00
4.900000000000000000e+01, -8.150132885675816397e+00
5.000000000000000000e+01, -8.289400410462299362e+00
5.100000000000000000e+01, -8.470826283531282641e+00
5.200000000000000000e+01, -8.620338256887206896e+00
5.300000000000000000e+01, -8.764171084316458860e+00
5.400000000000000000e+01, -8.939048209779608456e+00
5.500000000000000000e+01, -9.104769860374993584e+00
5.600000000000000000e+01, -9.235739076325900854e+00
5.700000000000000000e+01, -9.393407987622751421e+00
5.800000000000000000e+01, -9.557494831860514850e+00
5.900000000000000000e+01, -9.713794765068017867e+00
6.000000000000000000e+01, -9.857605298512204683e+00
6.100000000000000000e+01, -1.001787503658146150e+01
6.200000000000000000e+01, -1.017928832719291954e+01
6.300000000000000000e+01, -1.031589676129002164e+01
6.400000000000000000e+01, -1.047971839985164344e+01
6.500000000000000000e+01, -1.060999284484352323e+01
6.600000000000000000e+01, -1.078845219825556612e+01
6.700000000000000000e+01, -1.092650731361383620e+01
6.800000000000000000e+01, -1.106711297082948775e+01
6.900000000000000000e+01, -1.123149969707412410e+01
7.000000000000000000e+01, -1.139677685678251429e+01
7.100000000000000000e+01, -1.153979396569210714e+01
7.200000000000000000e+01, -1.165790510926058232e+01
7.300000000000000000e+01, -1.183416022345632612e+01
7.400000000000000000e+01, -1.196250370083098069e+01
7.500000000000000000e+01, -1.215305831950071003e+01
7.600000000000000000e+01, -1.224853132131036659e+01
7.700000000000000000e+01, -1.242900431408770423e+01
7.800000000000000000e+01, -1.256340955207899768e+01
7.900000000000000000e+01, -1.273242068066188004e+01
8.000000000000000000e+01, -1.284079512504684217e+01
8.100000000000000000e+01, -1.302069901287790366e+01
8.200000000000000000e+01, -1.314189919694881326e+01
8.300000000000000000e+01, -1.331019715974943729e+01
8.400000000000000000e+01, -1.344154454281293276e+01
8.500000000000000000e+01, -1.358605780859851286e+01
8.600000000000000000e+01, -1.374259787129357768e+01
8.700000000000000000e+01, -1.387566567480191360e+01
8.800000000000000000e+01, -1.400463864124341740e+01
8.900000000000000000e+01, -1.416902021902552100e+01
9.000000000000000000e+01, -1.431309012690105220e+01
9.100000000000000000e+01, -1.445488755596275965e+01
9.200000000000000000e+01, -1.459182244266221140e+01
9.300000000000000000e+01, -1.473331083671376263e+01
9.400000000000000000e+01, -1.487818463058285445e+01
9.500000000000000000e+01, -1.501185302083766260e+01
9.600000000000000000e+01, -1.516033189723816754e+01
9.700000000000000000e+01, -1.528530760769405816e+01
9.800000000000000000e+01, -1.543441050801117065e+01
9.900000000000000000e+01, -1.557269163599416295e+01
1.000000000000000000e+02, -1.570819439239531512e+01
1.010000000000000000e+02, -1.585184131031777000e+01
1.020000000000000000e+02, -1.599097990614246712e+01
1.030000000000000000e+02, -1.612228599198765977e+01
1.040000000000000000e+02, -1.624786058281808465e+01
1.050000000000000000e+02, -1.640216811960489451e+01
1.060000000000000000e+02, -1.652899185319679987e+01
1.070000000000000000e+02, -1.665225060423876968e+01
1.080000000000000000e+02, -1.680991335838940159e+01
1.090000000000000000e+02, -1.692439183254753488e+01
1.100000000000000000e+02, -1.705709212843488842e+01
1.110000000000000000e+02, -1.718713037157859347e+01
1.120000000000000000e+02, -1.732084272450548568e+01
1.130000000000000000e+02, -1.745574290463501654e+01
1.140000000000000000e+02, -1.757689511885268985e+01
1.150000000000000000e+02, -1.770156765855388770e+01
1.160000000000000000e+02, -1.783994839861698267e+01
1.170000000000000000e+02, -1.795591095313855234e+01
1.180000000000000000e+02, -1.808680965854555467e+01
1.190000000000000000e+02, -1.819927668054621961e+01
1.200000000000000000e+02, -1.832038532176929024e+01
1.210000000000000000e+02, -1.845196505162163447e+01
1.220000000000000000e+02, -1.856368430917543577e+01
1.230000000000000000e+02, -1.867099709837691890e+01
1.240000000000000000e+02, -1.877655394039106795e+01
1.250000000000000000e+02, -1.888873073458948326e+01
1.260000000000000000e+02, -1.899672604183644609e+01
1.270000000000000000e+02, -1.908986698833325590e+01
