1.000000000000000000e+00, 2.505436780237911165e+00
2.000000000000000000e+00, 2.669859276468888876e+00
3.000000000000000000e+00, 1.967164057231570506e+00
4.000000000000000000e+00, 1.234072338395342916e+00
5.000000000000000000e+00, 1.069307083992872442e+00
6.000000000000000000e+00, 8.420422160545819601e-01
7.000000000000000000e+00, 4.625176098391856616e-01
8.000000000000000000e+00, 4.327209581277421391e-01
9.000000000000000000e+00, 1.253845510728365809e-01
1.000000000000000000e+01, -2.984290553625955529e-03
1.100000000000000000e+01, -2.706442529727609569e-01
1.200000000000000000e+01, -3.712757823628036191e-01
1.300000000000000000e+01, -5.757857014476051027e-01
1.400000000000000000e+01, -7.422892680907327012e-01
1.500000000000000000e+01, -9.084576124183217916e-01
1.600000000000000000e+01, -1.033169759697930346e+00
1.700000000000000000e+01, -1.207205406192179753e+00
1.800000000000000000e+01, -1.334593428103953761e+00
1.900000000000000000e+01, -1.561939179069687045e+00
2.000000000000000000e+01, -1.647452960519810716e+00
2.100000000000000000e+01, -1.871445434039143318e+00
2.200000000000000000e+01, -1.933088943076381572e+00
2.300000000000000000e+01, -2.131773115292663334e+00
2.400000000000000000e+01, -2.246696712239839577e+00
2.500000000000000000e+01, -2.407773732041223802e+00
2.600000000000000000e+01, -2.539184068466946442e+00
2.700000000000000000e+01, -2.680563839612742694e+00
2.800000000000000000e+01, -2.833274476755547333e+00
2.900000000000000000e+01, -2.904236647792378889e+00
3.000000000000000000e+01, -3.107583830329399444e+00
3.100000000000000000e+01, -3.237938573722520808e+00
3.200000000000000000e+01, -3.355975100382922349e+00
3.300000000000000000e+01, -3.453858506173133502e+00
3.400000000000000000e+01, -3.597302450906192828e+00
3.500000000000000000e+01, -3.773027203712757682e+00
3.600000000000000000e+01, -3.846830681234315374e+00
3.700000000000000000e+01, -3.987046387552515725e+00
3.800000000000000000e+01, -4.128083931411462792e+00
3.900000000000000000e+01, -4.242140643373383035e+00
4.000000000000000000e+01, -4.360694761192043245e+00
4.100000000000000000e+01, -4.475842569025194173e+00
4.200000000000000000e+01, -4.624648550458002383e+00
4.300000000000000000e+01, -4.724224104496744125e+00
4.400000000000000000e+01, -4.846280330736663089e+00
4.500000000000000000e+01, -4.963067546426109367e+00
4.600000000000000000e+01, -5.094496577675461602e+00
4.700000000000000000e+01, -5.231466646818212496e+00
4.800000000000000000e+01, -5.298273844022735268e+00
4.900000000000000000e+01, -5.446906486709257145e+00
5.000000000000000000e+01, -5.543003565726603910e+00
5.100000000000000000e+01, -5.681489459981177603e+00
5.200000000000000000e+01, -5.788341008739332771e+00
5.300000000000000000e+01, -5.889146936935603094e+00
5.400000000000000000e+01, -6.021100678375836068e+00
5.500000000000000000e+01, -6.144704070942364815e+00
5.600000000000000000e+01, -6.233180233914030310e+00
5.700000000000000000e+01, -6.347856938879632871e+00
5.800000000000000000e+01, -6.469354419302870696e+00
5.900000000000000000e+01, -6.583191474997334147e+00
6.000000000000000000e+01, -6.684496116311989589e+00
6.100000000000000000e+01, -6.802115470500339711e+00
6.200000000000000000e+01, -6.921337391686719798e+00
6.300000000000000000e+01, -7.015623637874979224e+00
6.400000000000000000e+01, -7.136827362994534241e+00
6.500000000000000000e+01, -7.224540018271270903e+00
6.600000000000000000e+01, -7.360515978309571494e+00
6.700000000000000000e+01, -7.456296116757631154e+00
6.800000000000000000e+01, -7.554226761422366820e+00
6.900000000000000000e+01, -7.675940931263954603e+00
7.000000000000000000e+01, -7.799249354685478863e+00
7.100000000000000000e+01, -7.900365412974474033e+00
7.200000000000000000e+01, -7.976045228428264799e+00
7.300000000000000000e+01, -8.109698087519713994e+00
7.400000000000000000e+01, -8.195786371064331277e+00
7.500000000000000000e+01, -8.344253751835303490e+00
7.600000000000000000e+01, -8.397715773760774383e+00
7.700000000000000000e+01, -8.535781603486078950e+00
7.800000000000000000e+01, -8.628060500489999285e+00
7.900000000000000000e+01, -8.755505727634831814e+00
8.000000000000000000e+01, -8.821755200072381342e+00
8.100000000000000000e+01, -8.959683150715241240e+00
8.200000000000000000e+01, -9.039043457481881205e+00
8.300000000000000000e+01, -9.165716691926521165e+00
8.400000000000000000e+01, -9.255618748073876745e+00
8.500000000000000000e+01, -9.358307641802767307e+00
8.600000000000000000e+01, -9.473739501615042968e+00
8.700000000000000000e+01, -9.565491538835251717e+00
8.800000000000000000e+01, -9.653166152669699684e+00
8.900000000000000000e+01, -9.776029370277454333e+00
9.000000000000000000e+01, -9.879295736069076739e+00
9.100000000000000000e+01, -9.980460699289803728e+00
9.200000000000000000e+01, -1.007688763108092367e+01
9.300000000000000000e+01, -1.017792459837831665e+01
9.400000000000000000e+01, -1.028246642232838859e+01
9.500000000000000000e+01, -1.037608104442002421e+01
9.600000000000000000e+01, -1.048461222651266667e+01
9.700000000000000000e+01, -1.056970677518050650e+01
9.800000000000000000e+01, -1.067902826868543897e+01
9.900000000000000000e+01, -1.077777541406918971e+01
1.000000000000000000e+02, -1.087409079699059156e+01
1.010000000000000000e+02, -1.097862711059539009e+01
1.020000000000000000e+02, -1.107919452562734719e+01
1.030000000000000000e+02, -1.117200102830901898e+01
1.040000000000000000e+02, -1.125891706134369130e+01
1.050000000000000000e+02, -1.137505603442144242e+01
1.060000000000000000e+02, -1.146402781567488027e+01
1.070000000000000000e+02, -1.154944426172899519e+01
1.080000000000000000e+02, -1.166941176748657583e+01
1.090000000000000000e+02, -1.174683293971168041e+01
1.100000000000000000e+02, -1.184213959500736557e+01
1.110000000000000000e+02, -1.193492939358151084e+01
1.120000000000000000e+02, -1.203175966225698268e+01
1.130000000000000000e+02, -1.212963308875556834e+01
1.140000000000000000e+02, -1.221432644034143067e+01
1.150000000000000000e+02, -1.230219763060242499e+01
1.160000000000000000e+02, -1.240413399485390400e+01
1.170000000000000000e+02, -1.248328298645881240e+01
1.180000000000000000e+02, -1.257778404891801749e+01
1.190000000000000000e+02, -1.265397136392683741e+01
1.200000000000000000e+02, -1.273797402939044510e+01
1.210000000000000000e+02, -1.283375551106518486e+01
1.220000000000000000e+02, -1.290879007242602938e+01
1.230000000000000000e+02, -1.298037008058144259e+01
1.240000000000000000e+02, -1.305000024851485385e+01
1.250000000000000000e+02, -1.312681894338271427e+01
1.260000000000000000e+02, -1.320136434729575825e+01
1.270000000000000000e+02, -1.326222886600460527e+01
