1.000000000000000000e+00, 2.612577665920881032e+00
2.000000000000000000e+00, 2.837758591327528279e+00
3.000000000000000000e+00, 2.104078617505910298e+00
4.000000000000000000e+00, 1.333954447127469578e+00
5.000000000000000000e+00, 1.157434507373790833e+00
6.000000000000000000e+00, 9.219640368069720315e-01
7.000000000000000000e+00, 5.535988488995317036e-01
8.000000000000000000e+00, 5.387674016363328544e-01
9.000000000000000000e+00, 2.492712328375592257e-01
1.000000000000000000e+01, 1.435716643133480575e-01
1.100000000000000000e+01, -1.033686664108298819e-01
1.200000000000000000e+01, -1.832568929426697524e-01
1.300000000000000000e+01, -3.651878499087733987e-01
1.400000000000000000e+01, -5.110028522376274251e-01
1.500000000000000000e+01, -6.566422112316434578e-01
1.600000000000000000e+01, -7.620146360698230037e-01
1.700000000000000000e+01, -9.171435402541167070e-01
1.800000000000000000e+01, -1.025082211749460015e+00
1.900000000000000000e+01, -1.234447127251486309e+00
2.000000000000000000e+01, -1.302034120302384412e+00
2.100000000000000000e+01, -1.508841584497591981e+00
2.200000000000000000e+01, -1.554120011330905715e+00
2.300000000000000000e+01, -1.736722267286940458e+00
2.400000000000000000e+01, -1.835881895298584920e+00
2.500000000000000000e+01, -1.981091190713822447e+00
2.600000000000000000e+01, -2.098416735105379516e+00
2.700000000000000000e+01, -2.225412623703342696e+00
2.800000000000000000e+01, -2.363967632665063601e+00
2.900000000000000000e+01, -2.421185163757872516e+00
3.000000000000000000e+01, -2.610637950648532879e+00
3.100000000000000000e+01, -2.727983910800290346e+00
3.200000000000000000e+01, -2.833324459418756103e+00
3.300000000000000000e+01, -2.918575019668427917e+00
3.400000000000000000e+01, -3.048914635560744824e+00
3.500000000000000000e+01, -3.212784170765988545e+00
3.600000000000000000e+01, -3.274624037361496764e+00
3.700000000000000000e+01, -3.402633025934574729e+00
3.800000000000000000e+01, -3.531826355956624752e+00
3.900000000000000000e+01, -3.634614324816320519e+00
4.000000000000000000e+01, -3.741752778536190593e+00
4.100000000000000000e+01, -3.845453546039711679e+00
4.200000000000000000e+01, -3.983127242224449027e+00
4.300000000000000000e+01, -4.071509842454810624e+00
4.400000000000000000e+01, -4.182627278552424777e+00
4.500000000000000000e+01, -4.288478183956208944e+00
4.600000000000000000e+01, -4.409150517005674175e+00
4.700000000000000000e+01, -4.535539934876871904e+00
4.800000000000000000e+01, -4.591703316053717288e+00
4.900000000000000000e+01, -4.729675057665530424e+00
5.000000000000000000e+01, -4.815314203155677930e+00
5.100000000000000000e+01, -4.943247818653095926e+00
5.200000000000000000e+01, -5.039776269660037222e+00
5.300000000000000000e+01, -5.130283184925851003e+00
5.400000000000000000e+01, -5.251786344654703065e+00
5.500000000000000000e+01, -5.365071656692261826e+00
5.600000000000000000e+01, -5.443392611070597020e+00
5.700000000000000000e+01, -5.547897009833792303e+00
5.800000000000000000e+01, -5.659118595356097181e+00
5.900000000000000000e+01, -5.762804376110926441e+00
6.000000000000000000e+01, -5.854060764649645421e+00
6.100000000000000000e+01, -5.961407752100098101e+00
6.200000000000000000e+01, -6.070625512237018739e+00
6.300000000000000000e+01, -6.154848032231877042e+00
6.400000000000000000e+01, -6.266103190922355459e+00
6.500000000000000000e+01, -6.343673239713748302e+00
6.600000000000000000e+01, -6.469310479946458692e+00
6.700000000000000000e+01, -6.555228559321117032e+00
6.800000000000000000e+01, -6.643015456278757114e+00
6.900000000000000000e+01, -6.754550148969730827e+00
7.000000000000000000e+01, -6.867844233268689536e+00
7.100000000000000000e+01, -6.959052407570078813e+00
7.200000000000000000e+01, -7.024633055742862453e+00
7.300000000000000000e+01, -7.148107759999835054e+00
7.400000000000000000e+01, -7.224129285568353431e+00
7.500000000000000000e+01, -7.362586405093761499e+00
7.600000000000000000e+01, -7.405995180968321989e+00
7.700000000000000000e+01, -7.533827200978196359e+00
7.800000000000000000e+01, -7.616028427718140037e+00
7.900000000000000000e+01, -7.733409044641341268e+00
8.000000000000000000e+01, -7.789658996365568910e+00
8.100000000000000000e+01, -7.917394005135098389e+00
8.200000000000000000e+01, -7.986631645745827512e+00
8.300000000000000000e+01, -8.103141559522903492e+00
8.400000000000000000e+01, -8.183001637500774805e+00
8.500000000000000000e+01, -8.275503435734398394e+00
8.600000000000000000e+01, -8.380812875466560286e+00
8.700000000000000000e+01, -8.462361128864476001e+00
8.800000000000000000e+01, -8.539911855573448562e+00
8.900000000000000000e+01, -8.652440410596286213e+00
9.000000000000000000e+01, -8.745533834460765377e+00
9.100000000000000000e+01, -8.836690320593833192e+00
9.200000000000000000e+01, -8.922767228168375198e+00
9.300000000000000000e+01, -9.013804414175876190e+00
9.400000000000000000e+01, -9.108037149352615103e+00
9.500000000000000000e+01, -9.191540058901258803e+00
9.600000000000000000e+01, -9.289702734885370461e+00
9.700000000000000000e+01, -9.364652023019203853e+00
9.800000000000000000e+01, -9.463620672486120711e+00
9.900000000000000000e+01, -9.552117836803954987e+00
1.000000000000000000e+02, -9.638196837098158554e+00
1.010000000000000000e+02, -9.732386437960741432e+00
1.020000000000000000e+02, -9.822719900406777782e+00
1.030000000000000000e+02, -9.905220349258664569e+00
1.040000000000000000e+02, -9.981597495225292604e+00
1.050000000000000000e+02, -1.008753066300144319e+01
1.060000000000000000e+02, -1.016600117262437841e+01
1.070000000000000000e+02, -1.024094341783311535e+01
1.080000000000000000e+02, -1.035041111439939776e+01
1.090000000000000000e+02, -1.041726104494329697e+01
1.100000000000000000e+02, -1.050212449549854732e+01
1.110000000000000000e+02, -1.058405815030233832e+01
1.120000000000000000e+02, -1.067021846238173488e+01
1.130000000000000000e+02, -1.075716588037030697e+01
1.140000000000000000e+02, -1.083100759208142705e+01
1.150000000000000000e+02, -1.090793675158595732e+01
1.160000000000000000e+02, -1.099890631325995294e+01
1.170000000000000000e+02, -1.106654630589379806e+01
1.180000000000000000e+02, -1.115000075835600590e+01
1.190000000000000000e+02, -1.121494722034615776e+01
1.200000000000000000e+02, -1.128721973117267829e+01
1.210000000000000000e+02, -1.137202622596574209e+01
1.220000000000000000e+02, -1.143541639325048287e+01
1.230000000000000000e+02, -1.149579523110691426e+01
1.240000000000000000e+02, -1.155397513096995077e+01
1.250000000000000000e+02, -1.161962490239623058e+01
1.260000000000000000e+02, -1.168366505131662869e+01
1.270000000000000000e+02, -1.173442604046316440e+01
