1.000000000000000000e+00, 1.644463188216829463e+00
2.000000000000000000e+00, 1.997851800805048761e+00
3.000000000000000000e+00, 1.463031693112300635e+00
4.000000000000000000e+00, 7.316855335886591760e-01
5.000000000000000000e+00, 4.332997701741506114e-01
6.000000000000000000e+00, -4.864251344828761890e-03
7.000000000000000000e+00, -6.068185947053414964e-01
8.000000000000000000e+00, -8.615382966273489318e-01
9.000000000000000000e+00, -1.395950975802729088e+00
1.000000000000000000e+01, -1.736703192911638549e+00
1.100000000000000000e+01, -2.206518145534108744e+00
1.200000000000000000e+01, -2.501505460008180304e+00
1.300000000000000000e+01, -2.892177741042601724e+00
1.400000000000000000e+01, -3.235962289956749505e+00
1.500000000000000000e+01, -3.573663799626178417e+00
1.600000000000000000e+01, -3.866991188590844786e+00
1.700000000000000000e+01, -4.207541590602395409e+00
1.800000000000000000e+01, -4.496211352159260599e+00
1.900000000000000000e+01, -4.879569080554772675e+00
2.000000000000000000e+01, -5.114999476198856421e+00
2.100000000000000000e+01, -5.487049541424160459e+00
2.200000000000000000e+01, -5.693598184931446760e+00
2.300000000000000000e+01, -6.037842384952904595e+00
2.400000000000000000e+01, -6.293898020067742571e+00
2.500000000000000000e+01, -6.595092790392643067e+00
2.600000000000000000e+01, -6.865445273872831322e+00
2.700000000000000000e+01, -7.142526089354346297e+00
2.800000000000000000e+01, -7.431603314599716015e+00
2.900000000000000000e+01, -7.638192900664807716e+00
3.000000000000000000e+01, -7.978830783833446461e+00
3.100000000000000000e+01, -8.238794262018330983e+00
3.200000000000000000e+01, -8.487716438820525511e+00
3.300000000000000000e+01, -8.719339042239202087e+00
3.400000000000000000e+01, -8.995986315054649296e+00
3.500000000000000000e+01, -9.301681466599111658e+00
3.600000000000000000e+01, -9.505026855122903129e+00
3.700000000000000000e+01, -9.776549226755918198e+00
3.800000000000000000e+01, -1.004776777562090295e+01
3.900000000000000000e+01, -1.029046809905169901e+01
4.000000000000000000e+01, -1.053867716243925301e+01
4.100000000000000000e+01, -1.078383913586890230e+01
4.200000000000000000e+01, -1.106154181766530264e+01
4.300000000000000000e+01, -1.128964866511018528e+01
4.400000000000000000e+01, -1.154074920103696833e+01
4.500000000000000000e+01, -1.178731372846825565e+01
4.600000000000000000e+01, -1.204711723251458189e+01
4.700000000000000000e+01, -1.231124534093842193e+01
4.800000000000000000e+01, -1.250567930813632422e+01
4.900000000000000000e+01, -1.278417511548961549e+01
5.000000000000000000e+01, -1.300887480306854904e+01
5.100000000000000000e+01, -1.327599573405971256e+01
5.200000000000000000e+01, -1.351059077340223880e+01
5.300000000000000000e+01, -1.373995539136177158e+01
5.400000000000000000e+01, -1.400085557237230915e+01
5.500000000000000000e+01, -1.425089228875353697e+01
5.600000000000000000e+01, -1.446712433308053569e+01
5.700000000000000000e+01, -1.471071120924932707e+01
5.800000000000000000e+01, -1.496014160664256565e+01
5.900000000000000000e+01, -1.520160291950866061e+01
6.000000000000000000e+01, -1.543049055861313335e+01
6.100000000000000000e+01, -1.567596119036869418e+01
6.200000000000000000e+01, -1.592184111921494249e+01
6.300000000000000000e+01, -1.614309983241475877e+01
6.400000000000000000e+01, -1.639167924472519644e+01
6.500000000000000000e+01, -1.660694924656654692e+01
6.600000000000000000e+01, -1.687006425239357910e+01
6.700000000000000000e+01, -1.709187439771169537e+01
6.800000000000000000e+01, -1.731737067413993003e+01
6.900000000000000000e+01, -1.756620193210793346e+01
7.000000000000000000e+01, -1.781441650920363884e+01
7.100000000000000000e+01, -1.803991845770062952e+01
7.200000000000000000e+01, -1.824140219920636241e+01
7.300000000000000000e+01, -1.850139035891833572e+01
7.400000000000000000e+01, -1.871251172624454284e+01
7.500000000000000000e+01, -1.898513760341008449e+01
7.600000000000000000e+01, -1.916241055729921428e+01
7.700000000000000000e+01, -1.942505439882279816e+01
7.800000000000000000e+01, -1.964073125953769505e+01
7.900000000000000000e+01, -1.988992596360670007e+01
8.000000000000000000e+01, -2.007899993131899663e+01
8.100000000000000000e+01, -2.033866273581903528e+01
8.200000000000000000e+01, -2.053920857954859613e+01
8.300000000000000000e+01, -2.078636199015171826e+01
8.400000000000000000e+01, -2.099543069590160371e+01
8.500000000000000000e+01, -2.121744179940834485e+01
8.600000000000000000e+01, -2.145029291452627263e+01
8.700000000000000000e+01, -2.165857179544328304e+01
8.800000000000000000e+01, -2.186319468492198226e+01
8.900000000000000000e+01, -2.210181179384824901e+01
9.000000000000000000e+01, -2.231841902772296748e+01
9.100000000000000000e+01, -2.253142827113335045e+01
9.200000000000000000e+01, -2.273835364560993710e+01
9.300000000000000000e+01, -2.294919011809312082e+01
9.400000000000000000e+01, -2.316115917165531002e+01
9.500000000000000000e+01, -2.336122928726105741e+01
9.600000000000000000e+01, -2.357372267516763031e+01
9.700000000000000000e+01, -2.376172244114252763e+01
9.800000000000000000e+01, -2.397174177614754598e+01
9.900000000000000000e+01, -2.416912347987139142e+01
1.000000000000000000e+02, -2.436110487577824912e+01
1.010000000000000000e+02, -2.455991883878558113e+01
1.020000000000000000e+02, -2.475048005124646622e+01
1.030000000000000000e+02, -2.493187435235496352e+01
1.040000000000000000e+02, -2.510488687627720239e+01
1.050000000000000000e+02, -2.530401431550324176e+01
1.060000000000000000e+02, -2.547321351409701506e+01
1.070000000000000000e+02, -2.563572531602333981e+01
1.080000000000000000e+02, -2.582987295187966126e+01
1.090000000000000000e+02, -2.597746520882258636e+01
1.100000000000000000e+02, -2.614164902984982319e+01
1.110000000000000000e+02, -2.629990829086489512e+01
1.120000000000000000e+02, -2.645874872419149426e+01
1.130000000000000000e+02, -2.661531964143118500e+01
1.140000000000000000e+02, -2.675594570148368589e+01
1.150000000000000000e+02, -2.689795880339451983e+01
1.160000000000000000e+02, -2.704951739978289282e+01
1.170000000000000000e+02, -2.717669725492432065e+01
1.180000000000000000e+02, -2.731639852279446146e+01
1.190000000000000000e+02, -2.743465821917180847e+01
1.200000000000000000e+02, -2.755989966704500205e+01
1.210000000000000000e+02, -2.769219036983239945e+01
1.220000000000000000e+02, -2.780371416286017805e+01
1.230000000000000000e+02, -2.790799514091742495e+01
1.240000000000000000e+02, -2.800933467850109437e+01
1.250000000000000000e+02, -2.811535081018909565e+01
1.260000000000000000e+02, -2.821521170501683784e+01
1.270000000000000000e+02, -2.830051686909305886e+01
