1.000000000000000000e+00, 2.778142586511330947e+00
2.000000000000000000e+00, 3.001490029475513133e+00
3.000000000000000000e+00, 2.237462589703128391e+00
4.000000000000000000e+00, 1.447203402421416873e+00
5.000000000000000000e+00, 1.254678018812600548e+00
6.000000000000000000e+00, 1.011531050976275825e+00
7.000000000000000000e+00, 6.432514475737284299e-01
8.000000000000000000e+00, 6.350739510376852692e-01
9.000000000000000000e+00, 3.588423076141907808e-01
1.000000000000000000e+01, 2.682194602485355461e-01
1.100000000000000000e+01, 3.656607633041917410e-02
1.200000000000000000e+01, -2.722104250660101546e-02
1.300000000000000000e+01, -1.931899592173654534e-01
1.400000000000000000e+01, -3.214131321274116826e-01
1.500000000000000000e+01, -4.508302573920628387e-01
1.600000000000000000e+01, -5.401393040411702762e-01
1.700000000000000000e+01, -6.783707274276717936e-01
1.800000000000000000e+01, -7.705418145281088815e-01
1.900000000000000000e+01, -9.649340035449156527e-01
2.000000000000000000e+01, -1.018267191552332473e+00
2.100000000000000000e+01, -1.211213974445940256e+00
2.200000000000000000e+01, -1.243011511615115472e+00
2.300000000000000000e+01, -1.412786055293010934e+00
2.400000000000000000e+01, -1.499142556926248204e+00
2.500000000000000000e+01, -1.631992974580737554e+00
2.600000000000000000e+01, -1.737012908621275997e+00
2.700000000000000000e+01, -1.851776227658575857e+00
2.800000000000000000e+01, -1.979109672884637794e+00
2.900000000000000000e+01, -2.024780140055837396e+00
3.000000000000000000e+01, -2.203279832535686822e+00
3.100000000000000000e+01, -2.309684014494108872e+00
3.200000000000000000e+01, -2.404805137433013495e+00
3.300000000000000000e+01, -2.479535790340191781e+00
3.400000000000000000e+01, -2.600137626109243261e+00
3.500000000000000000e+01, -2.753797086235654223e+00
3.600000000000000000e+01, -2.805922155959678310e+00
3.700000000000000000e+01, -2.924400783944097526e+00
3.800000000000000000e+01, -3.043957872417887511e+00
3.900000000000000000e+01, -3.137464430991401265e+00
4.000000000000000000e+01, -3.235352769765125647e+00
4.100000000000000000e+01, -3.330016786685584318e+00
4.200000000000000000e+01, -3.458811031092732247e+00
4.300000000000000000e+01, -3.538407472736001314e+00
4.400000000000000000e+01, -3.640812019241300046e+00
4.500000000000000000e+01, -3.737884752352483186e+00
4.600000000000000000e+01, -3.849986236791394401e+00
4.700000000000000000e+01, -3.968074371295597480e+00
4.800000000000000000e+01, -4.015822777248565956e+00
4.900000000000000000e+01, -4.145450709038599690e+00
5.000000000000000000e+01, -4.222730852051796546e+00
5.100000000000000000e+01, -4.342361905980756553e+00
5.200000000000000000e+01, -4.430798451918844805e+00
5.300000000000000000e+01, -4.513148151261360930e+00
5.400000000000000000e+01, -4.626614917975453878e+00
5.500000000000000000e+01, -4.731964856822819421e+00
5.600000000000000000e+01, -4.802411295805912417e+00
5.700000000000000000e+01, -4.898663790020743924e+00
5.800000000000000000e+01, -5.002038772527932053e+00
5.900000000000000000e+01, -5.097774689657242675e+00
6.000000000000000000e+01, -5.181147757382463581e+00
6.100000000000000000e+01, -5.280656341070966597e+00
6.200000000000000000e+01, -5.382086789990215614e+00
6.300000000000000000e+01, -5.458537348381358179e+00
6.400000000000000000e+01, -5.561928276838109753e+00
6.500000000000000000e+01, -5.631492617247159771e+00
6.600000000000000000e+01, -5.749390889454363496e+00
6.700000000000000000e+01, -5.827658212638302082e+00
6.800000000000000000e+01, -5.907442150271881687e+00
6.900000000000000000e+01, -6.011193725450468150e+00
7.000000000000000000e+01, -6.116602681980570111e+00
7.100000000000000000e+01, -6.200264815818724351e+00
7.200000000000000000e+01, -6.257965188864951678e+00
7.300000000000000000e+01, -6.373567751579099827e+00
7.400000000000000000e+01, -6.441807808591513584e+00
7.500000000000000000e+01, -6.572347858946175236e+00
7.600000000000000000e+01, -6.608124019554312945e+00
7.700000000000000000e+01, -6.727994380511504779e+00
7.800000000000000000e+01, -6.802422644696116905e+00
7.900000000000000000e+01, -6.911893306905251499e+00
8.000000000000000000e+01, -6.960261927596522291e+00
8.100000000000000000e+01, -7.080027166692560492e+00
8.200000000000000000e+01, -7.141340955681380720e+00
8.300000000000000000e+01, -7.250013073246965867e+00
8.400000000000000000e+01, -7.321883995673166723e+00
8.500000000000000000e+01, -7.406410921384466661e+00
8.600000000000000000e+01, -7.503895186120970173e+00
8.700000000000000000e+01, -7.577314301296745214e+00
8.800000000000000000e+01, -7.646924826593503255e+00
8.900000000000000000e+01, -7.751279706681977189e+00
9.000000000000000000e+01, -7.836384966250758310e+00
9.100000000000000000e+01, -7.919485365663169851e+00
9.200000000000000000e+01, -7.997415062585432999e+00
9.300000000000000000e+01, -8.080463284828816484e+00
9.400000000000000000e+01, -8.166332180607970059e+00
9.500000000000000000e+01, -8.241928843792388548e+00
9.600000000000000000e+01, -8.331685333073499677e+00
9.700000000000000000e+01, -8.398449569093813238e+00
9.800000000000000000e+01, -8.489000101511237517e+00
9.900000000000000000e+01, -8.569169079396006694e+00
1.000000000000000000e+02, -8.646874456894543926e+00
1.010000000000000000e+02, -8.732674932236578869e+00
1.020000000000000000e+02, -8.814511320147405016e+00
1.030000000000000000e+02, -8.888427373363118278e+00
1.040000000000000000e+02, -8.956189813739317884e+00
1.050000000000000000e+02, -9.053569368804097905e+00
1.060000000000000000e+02, -9.123347513354111982e+00
1.070000000000000000e+02, -9.189621017520922308e+00
1.080000000000000000e+02, -9.290045094706005813e+00
1.090000000000000000e+02, -9.347996509155507283e+00
1.100000000000000000e+02, -9.423834446794554509e+00
1.110000000000000000e+02, -9.496799946025200612e+00
1.120000000000000000e+02, -9.573738854910740059e+00
1.130000000000000000e+02, -9.651093959978620518e+00
1.140000000000000000e+02, -9.715687831514193462e+00
1.150000000000000000e+02, -9.783216251100181893e+00
1.160000000000000000e+02, -9.864621023974175174e+00
1.170000000000000000e+02, -9.922273643801148069e+00
1.180000000000000000e+02, -9.996149787394237762e+00
1.190000000000000000e+02, -1.005137711158126024e+01
1.200000000000000000e+02, -1.011330127768192000e+01
1.210000000000000000e+02, -1.018850725276653968e+01
1.220000000000000000e+02, -1.024169964994407422e+01
1.230000000000000000e+02, -1.029260279282037871e+01
1.240000000000000000e+02, -1.034086505789218435e+01
1.250000000000000000e+02, -1.039686621497383001e+01
1.260000000000000000e+02, -1.045191883292384460e+01
1.270000000000000000e+02, -1.049432622735460363e+01
