1.000000000000000000e+00, 2.005071848895944697e+00
2.000000000000000000e+00, 2.225072420918430272e+00
3.000000000000000000e+00, 1.633719056177017626e+00
4.000000000000000000e+00, 9.789378471603257248e-01
5.000000000000000000e+00, 7.938899628924347418e-01
6.000000000000000000e+00, 4.880777031253398790e-01
7.000000000000000000e+00, 1.240636568071816492e-02
8.000000000000000000e+00, -1.264250640638093504e-01
9.000000000000000000e+00, -5.464017059203969406e-01
1.000000000000000000e+01, -7.825175962119514939e-01
1.100000000000000000e+01, -1.153639047885007818e+00
1.200000000000000000e+01, -1.355792914815952876e+00
1.300000000000000000e+01, -1.657504873985180982e+00
1.400000000000000000e+01, -1.916742417644881735e+00
1.500000000000000000e+01, -2.171330940869625969e+00
1.600000000000000000e+01, -2.382864388542619061e+00
1.700000000000000000e+01, -2.642317447911664452e+00
1.800000000000000000e+01, -2.851018006725272613e+00
1.900000000000000000e+01, -3.157205636699404128e+00
2.000000000000000000e+01, -3.317873080164739363e+00
2.100000000000000000e+01, -3.614988336932106083e+00
2.200000000000000000e+01, -3.748641142561336626e+00
2.300000000000000000e+01, -4.018291541184765947e+00
2.400000000000000000e+01, -4.201996346373503499e+00
2.500000000000000000e+01, -4.429955611120385939e+00
2.600000000000000000e+01, -4.628172426039458998e+00
2.700000000000000000e+01, -4.833898950691239094e+00
2.800000000000000000e+01, -5.050752317601064689e+00
2.900000000000000000e+01, -5.185414466681306678e+00
3.000000000000000000e+01, -5.452290681009395179e+00
3.100000000000000000e+01, -5.642485764080645616e+00
3.200000000000000000e+01, -5.820816189458096979e+00
3.300000000000000000e+01, -5.979459889494545877e+00
3.400000000000000000e+01, -6.183563866496401218e+00
3.500000000000000000e+01, -6.417844478008339237e+00
3.600000000000000000e+01, -6.550018147058967344e+00
3.700000000000000000e+01, -6.748761188205374850e+00
3.800000000000000000e+01, -6.947697573127735282e+00
3.900000000000000000e+01, -7.118982866591563763e+00
4.000000000000000000e+01, -7.294830076772114147e+00
4.100000000000000000e+01, -7.467493971167693090e+00
4.200000000000000000e+01, -7.672746911628903987e+00
4.300000000000000000e+01, -7.828765603156262465e+00
4.400000000000000000e+01, -8.007410031278171303e+00
4.500000000000000000e+01, -8.180653628568808955e+00
4.600000000000000000e+01, -8.368185265914471316e+00
4.700000000000000000e+01, -8.560456857569249678e+00
4.800000000000000000e+01, -8.682853919396492870e+00
4.900000000000000000e+01, -8.887869222122166235e+00
5.000000000000000000e+01, -9.039767907200923602e+00
5.100000000000000000e+01, -9.233938043298307363e+00
5.200000000000000000e+01, -9.396145709705747251e+00
5.300000000000000000e+01, -9.552824482373109660e+00
5.400000000000000000e+01, -9.740505197364935697e+00
5.500000000000000000e+01, -9.918800499526289727e+00
5.600000000000000000e+01, -1.006251406856444319e+01
5.700000000000000000e+01, -1.023310287679611541e+01
5.800000000000000000e+01, -1.041000432811980225e+01
5.900000000000000000e+01, -1.057901814394691975e+01
6.000000000000000000e+01, -1.073560401869280057e+01
6.100000000000000000e+01, -1.090869152855054480e+01
6.200000000000000000e+01, -1.108285304211892885e+01
6.300000000000000000e+01, -1.123222317651795343e+01
6.400000000000000000e+01, -1.140882448988800135e+01
6.500000000000000000e+01, -1.155195187385287703e+01
6.600000000000000000e+01, -1.174326158344841708e+01
6.700000000000000000e+01, -1.189378654521561884e+01
6.800000000000000000e+01, -1.204734887405598442e+01
6.900000000000000000e+01, -1.222449084101594963e+01
7.000000000000000000e+01, -1.240236675277216349e+01
7.100000000000000000e+01, -1.255791257015048856e+01
7.200000000000000000e+01, -1.268862812655766881e+01
7.300000000000000000e+01, -1.287767312184470647e+01
7.400000000000000000e+01, -1.301868185300812897e+01
7.500000000000000000e+01, -1.322168571968196460e+01
7.600000000000000000e+01, -1.332965870200106906e+01
7.700000000000000000e+01, -1.352275111442167166e+01
7.800000000000000000e+01, -1.366953721413515588e+01
7.900000000000000000e+01, -1.385096348763109475e+01
8.000000000000000000e+01, -1.397171185432750562e+01
8.100000000000000000e+01, -1.416400237410989682e+01
8.200000000000000000e+01, -1.429753706758561194e+01
8.300000000000000000e+01, -1.447809762622977203e+01
8.400000000000000000e+01, -1.462160788221479812e+01
8.500000000000000000e+01, -1.477824181236573153e+01
8.600000000000000000e+01, -1.494681833062531240e+01
8.700000000000000000e+01, -1.509192182177568142e+01
8.800000000000000000e+01, -1.523295096179392516e+01
8.900000000000000000e+01, -1.540937672063317798e+01
9.000000000000000000e+01, -1.556503330645341876e+01
9.100000000000000000e+01, -1.571860335194245195e+01
9.200000000000000000e+01, -1.586711401325779924e+01
9.300000000000000000e+01, -1.602016580405667057e+01
9.400000000000000000e+01, -1.617656520106086404e+01
9.500000000000000000e+01, -1.632143672544373558e+01
9.600000000000000000e+01, -1.648123202677634680e+01
9.700000000000000000e+01, -1.661733538630305063e+01
9.800000000000000000e+01, -1.677760194058062382e+01
9.900000000000000000e+01, -1.692685139519585036e+01
1.000000000000000000e+02, -1.707310027255580565e+01
1.010000000000000000e+02, -1.722748540601197575e+01
1.020000000000000000e+02, -1.737712785068706367e+01
1.030000000000000000e+02, -1.751892416411591569e+01
1.040000000000000000e+02, -1.765480134869660489e+01
1.050000000000000000e+02, -1.781915312027652831e+01
1.060000000000000000e+02, -1.795614677722025831e+01
1.070000000000000000e+02, -1.808921636701188618e+01
1.080000000000000000e+02, -1.825659727554318223e+01
1.090000000000000000e+02, -1.838056359435699960e+01
1.100000000000000000e+02, -1.852270286252073461e+01
1.110000000000000000e+02, -1.866205140385826411e+01
1.120000000000000000e+02, -1.880492681095698160e+01
1.130000000000000000e+02, -1.894875679825494785e+01
1.140000000000000000e+02, -1.907864860266908735e+01
1.150000000000000000e+02, -1.921206955538706751e+01
1.160000000000000000e+02, -1.935886478291220669e+01
1.170000000000000000e+02, -1.948331601374248478e+01
1.180000000000000000e+02, -1.962231882407758832e+01
1.190000000000000000e+02, -1.974291765619469530e+01
1.200000000000000000e+02, -1.987216305741338118e+01
1.210000000000000000e+02, -2.001138251927962131e+01
1.220000000000000000e+02, -2.013083832565984466e+01
1.230000000000000000e+02, -2.024553718879814923e+01
1.240000000000000000e+02, -2.035863933855891617e+01
1.250000000000000000e+02, -2.047802267933714759e+01
1.260000000000000000e+02, -2.059277821487970428e+01
1.270000000000000000e+02, -2.069247607795107058e+01
