1.000000000000000000e+00, 1.812581125676011595e+00
2.000000000000000000e+00, 2.117924015195522980e+00
3.000000000000000000e+00, 1.558704716016331426e+00
4.000000000000000000e+00, 8.738259803938859260e-01
5.000000000000000000e+00, 6.518814012786010581e-01
6.000000000000000000e+00, 2.857065312976886928e-01
7.000000000000000000e+00, -2.419328846237192854e-01
8.000000000000000000e+00, -4.337372578330255801e-01
9.000000000000000000e+00, -9.047256531753067321e-01
1.000000000000000000e+01, -1.188416380360287183e+00
1.100000000000000000e+01, -1.604542189164823274e+00
1.200000000000000000e+01, -1.849079987083102949e+00
1.300000000000000000e+01, -2.190209312042628920e+00
1.400000000000000000e+01, -2.487470955902027381e+00
1.500000000000000000e+01, -2.779689074373299817e+00
1.600000000000000000e+01, -3.027739912091176322e+00
1.700000000000000000e+01, -3.322775780631796128e+00
1.800000000000000000e+01, -3.567401542004700499e+00
1.900000000000000000e+01, -3.907765456819733529e+00
2.000000000000000000e+01, -4.100404872571329129e+00
2.100000000000000000e+01, -4.430269094328451729e+00
2.200000000000000000e+01, -4.595043869607908782e+00
2.300000000000000000e+01, -4.897350883051315940e+00
2.400000000000000000e+01, -5.111985229251135188e+00
2.500000000000000000e+01, -5.370958197804504231e+00
2.600000000000000000e+01, -5.599862910292129570e+00
2.700000000000000000e+01, -5.836232546906206409e+00
2.800000000000000000e+01, -6.083495120785540777e+00
2.900000000000000000e+01, -6.248646373154107536e+00
3.000000000000000000e+01, -6.546327003263930244e+00
3.100000000000000000e+01, -6.765959719131338090e+00
3.200000000000000000e+01, -6.973966828599916568e+00
3.300000000000000000e+01, -7.163155374538198394e+00
3.400000000000000000e+01, -7.397668206839974836e+00
3.500000000000000000e+01, -7.661982265800753034e+00
3.600000000000000000e+01, -7.823834040403771617e+00
3.700000000000000000e+01, -8.053106920715388028e+00
3.800000000000000000e+01, -8.282011813545890888e+00
3.900000000000000000e+01, -8.483234249899744839e+00
4.000000000000000000e+01, -8.689161370202505452e+00
4.100000000000000000e+01, -8.891868895496781278e+00
4.200000000000000000e+01, -9.127442461564047704e+00
4.300000000000000000e+01, -9.313327662373268367e+00
4.400000000000000000e+01, -9.522130106637989755e+00
4.500000000000000000e+01, -9.725786074896625166e+00
4.600000000000000000e+01, -9.943413747024985483e+00
4.700000000000000000e+01, -1.016534362981692041e+01
4.800000000000000000e+01, -1.031780632264352349e+01
4.900000000000000000e+01, -1.055324869855605208e+01
5.000000000000000000e+01, -1.073547071894943095e+01
5.100000000000000000e+01, -1.096010618431676242e+01
5.200000000000000000e+01, -1.115236163430672534e+01
5.300000000000000000e+01, -1.133915064731213107e+01
5.400000000000000000e+01, -1.155743720159194865e+01
5.500000000000000000e+01, -1.176562236182300403e+01
5.600000000000000000e+01, -1.193935885927887952e+01
5.700000000000000000e+01, -1.214030252088577377e+01
5.800000000000000000e+01, -1.234745247996054651e+01
5.900000000000000000e+01, -1.254646298863300835e+01
6.000000000000000000e+01, -1.273321495841225470e+01
6.100000000000000000e+01, -1.293634887021055668e+01
6.200000000000000000e+01, -1.314045547071448894e+01
6.300000000000000000e+01, -1.331970528228355022e+01
6.400000000000000000e+01, -1.352621091652007834e+01
6.500000000000000000e+01, -1.369933871374234258e+01
6.600000000000000000e+01, -1.392056138848897540e+01
6.700000000000000000e+01, -1.410079747756974200e+01
6.800000000000000000e+01, -1.428424601862767318e+01
6.900000000000000000e+01, -1.449123727307279808e+01
7.000000000000000000e+01, -1.469832528122339532e+01
7.100000000000000000e+01, -1.488302161063006501e+01
7.200000000000000000e+01, -1.504313899280978539e+01
7.300000000000000000e+01, -1.526179543429987007e+01
7.400000000000000000e+01, -1.543205194438288430e+01
7.500000000000000000e+01, -1.566410615832932862e+01
7.600000000000000000e+01, -1.580096089117191127e+01
7.700000000000000000e+01, -1.602314873153249408e+01
7.800000000000000000e+01, -1.619871878276419963e+01
7.900000000000000000e+01, -1.640846665264376369e+01
8.000000000000000000e+01, -1.655782621703174584e+01
8.100000000000000000e+01, -1.677832179574066984e+01
8.200000000000000000e+01, -1.694000953739601201e+01
8.300000000000000000e+01, -1.714861983744617291e+01
8.400000000000000000e+01, -1.731983605208923649e+01
8.500000000000000000e+01, -1.750406499692055107e+01
8.600000000000000000e+01, -1.770001917000689318e+01
8.700000000000000000e+01, -1.787207359667990758e+01
8.800000000000000000e+01, -1.804027860349355805e+01
8.900000000000000000e+01, -1.824361754525926926e+01
9.000000000000000000e+01, -1.842561469106121663e+01
9.100000000000000000e+01, -1.860525425954604728e+01
9.200000000000000000e+01, -1.877943132748231037e+01
9.300000000000000000e+01, -1.895823422496250643e+01
9.400000000000000000e+01, -1.913964452267369865e+01
9.500000000000000000e+01, -1.930972520589982011e+01
9.600000000000000000e+01, -1.949377483529058708e+01
9.700000000000000000e+01, -1.965429230228335911e+01
9.800000000000000000e+01, -1.983837270284095666e+01
9.900000000000000000e+01, -2.001104923623919873e+01
1.000000000000000000e+02, -2.018014978595376974e+01
1.010000000000000000e+02, -2.035725377436460803e+01
1.020000000000000000e+02, -2.052854738092797149e+01
1.030000000000000000e+02, -2.069185019194863528e+01
1.040000000000000000e+02, -2.084876372594920824e+01
1.050000000000000000e+02, -2.103368535996529332e+01
1.060000000000000000e+02, -2.119044562255884045e+01
1.070000000000000000e+02, -2.134281719701239410e+01
1.080000000000000000e+02, -2.152881610822623770e+01
1.090000000000000000e+02, -2.167049516578869373e+01
1.100000000000000000e+02, -2.183038588104192002e+01
1.110000000000000000e+02, -2.198648828647921860e+01
1.120000000000000000e+02, -2.214543385134003728e+01
1.130000000000000000e+02, -2.230422851039234544e+01
1.140000000000000000e+02, -2.244894594341522165e+01
1.150000000000000000e+02, -2.259661688775354449e+01
1.160000000000000000e+02, -2.275647952389227768e+01
1.170000000000000000e+02, -2.289319812261852150e+01
1.180000000000000000e+02, -2.304420352385724158e+01
1.190000000000000000e+02, -2.317568357899952503e+01
1.200000000000000000e+02, -2.331526976346846780e+01
1.210000000000000000e+02, -2.346400218727542253e+01
1.220000000000000000e+02, -2.359226116280710528e+01
1.230000000000000000e+02, -2.371500486688252352e+01
1.240000000000000000e+02, -2.383520625371991031e+01
1.250000000000000000e+02, -2.396095691406837247e+01
1.260000000000000000e+02, -2.408109249855645828e+01
1.270000000000000000e+02, -2.418543038500752829e+01
