3.439402310411097674e-01
1.915054794774357361e-01
1.472937046083187818e-01
1.298212411384092879e-01
1.020698097128848181e-01
9.160404563706879555e-02
8.511809250201261834e-02
8.087704177498147851e-02
8.029096369685452539e-02
7.910702216225010130e-02
7.987019693585944990e-02
8.093643903109266902e-02
8.205636702190201304e-02
8.365401957699047930e-02
8.554759469005476791e-02
8.714331736594682631e-02
8.891175140819018718e-02
9.021598346394385515e-02
9.260322825292367777e-02
9.440781102697187732e-02
9.647065285626710285e-02
9.806930056269544393e-02
9.995302752446633132e-02
1.018744289728387986e-01
1.037652073020755988e-01
1.057438297578153219e-01
1.074458219305051560e-01
1.095063640701977592e-01
1.112483549753255918e-01
1.130999857828075827e-01
1.146009883616459502e-01
1.165383978170017737e-01
1.181722917888530650e-01
1.199881513985235765e-01
1.219314865582441787e-01
1.236785186049745577e-01
1.253534889914673101e-01
1.272972032946623200e-01
1.291269598345397007e-01
1.309787099427238977e-01
1.326838901921356673e-01
1.346029991447635910e-01
1.364257903627478230e-01
1.381807345318411262e-01
1.400451719165482500e-01
1.420206479882542561e-01
1.440394479937593675e-01
1.456148484314172264e-01
1.477223951380600975e-01
1.496822972705524890e-01
1.516353049284830667e-01
1.534512245546999498e-01
1.554375705315116929e-01
1.573445453711566355e-01
1.594514443060755515e-01
1.613920067402739023e-01
1.633029825909215749e-01
1.653428488766305327e-01
1.674552285999888201e-01
1.694872620465223689e-01
1.714510130348924632e-01
1.734560129889240465e-01
1.756013886011168201e-01
