3.131529501660533787e-01
1.789423796144598289e-01
1.381052847085307844e-01
1.134827239798357479e-01
9.305236353139700878e-02
8.421588438301183532e-02
8.316772415374186489e-02
7.930254337314100732e-02
7.989733323953231159e-02
7.999645221661502714e-02
8.116884679962799165e-02
8.390750166497260021e-02
8.572777211656099072e-02
8.714774094123863002e-02
8.902003901168063782e-02
9.075064926457354630e-02
9.273212855783663500e-02
9.479619162268967947e-02
9.705711594963292721e-02
9.919996768390172692e-02
1.013585340919909566e-01
1.035471021656507590e-01
1.056743988909147197e-01
1.078953809079755272e-01
1.101234991865616963e-01
1.122826073748335179e-01
1.142544125830719931e-01
1.166622655325691704e-01
1.187197796777492709e-01
1.209776177802121960e-01
1.227406053195677915e-01
1.252866137874689423e-01
1.273542317397109436e-01
1.296076263794512795e-01
1.318119207067372511e-01
1.341883200220011507e-01
1.364085872995739468e-01
1.388619804395526125e-01
1.412108275993847750e-01
1.435900241086649209e-01
1.459140712444582932e-01
1.481706629648214257e-01
1.505759389705443319e-01
1.529589644819558947e-01
1.554728263530644194e-01
1.579707697515833065e-01
1.605921702855154787e-01
1.629662981533614718e-01
1.656952167544438193e-01
1.682624515529773102e-01
1.709416512316320746e-01
1.734590574926212214e-01
1.761604598814097700e-01
1.788261901579935031e-01
1.817143907962224525e-01
1.844371450802411994e-01
1.872367604735429569e-01
1.900421117651115155e-01
1.927485803197571401e-01
1.956212331281731720e-01
1.985366210883615090e-01
2.013833841793870039e-01
2.043495501711829476e-01
