3.370241056529061918e-01
1.858889163855411697e-01
1.477307431642773672e-01
1.253267318323054158e-01
1.006464608457120907e-01
8.863170946927315108e-02
8.446394437274022671e-02
7.799680187958846211e-02
7.360091229042027561e-02
7.229249692136964500e-02
7.171040075531857905e-02
7.100411688658322951e-02
7.127979451511573528e-02
7.093112110018419403e-02
7.120122620301523597e-02
7.189233008083367737e-02
7.339254388577420851e-02
7.438471469244230250e-02
7.502415100189975539e-02
7.634007950607296644e-02
7.719980403953020931e-02
7.855653631742928744e-02
8.013604576552327274e-02
8.123242938266041213e-02
8.255832997707432397e-02
8.355794667702715062e-02
8.492004379899556477e-02
8.625497013348465414e-02
8.745070349348194050e-02
8.893610195889731229e-02
9.005779909479995349e-02
9.124192896921468066e-02
9.243723695463912371e-02
9.354270037031178764e-02
9.493012337258195654e-02
9.600741437794546584e-02
9.736535574700519446e-02
9.869500546625968596e-02
1.001170243465243359e-01
1.013188851263441687e-01
1.024651674185989847e-01
1.038165007598647188e-01
1.049763854826160914e-01
1.062393877176635582e-01
1.075110724580121968e-01
1.087411414718775227e-01
1.101095976021134876e-01
1.113622836239760855e-01
1.126804392895772305e-01
1.138993377123355411e-01
1.152808301154053527e-01
1.165413331229716992e-01
1.177663156313145665e-01
1.191419784439122220e-01
1.204505562094502630e-01
1.218273123079601922e-01
1.231033408888796421e-01
1.244876548885434919e-01
1.257481493891950686e-01
1.270334039931538539e-01
1.284518975626052495e-01
1.299078224398724224e-01
1.311189064236425450e-01
