3.371183002546312424e-01
1.762645505951241365e-01
1.400058255096737758e-01
1.209076564623231542e-01
1.025224264970296534e-01
9.384761310640020449e-02
9.637516356931981332e-02
9.587450791963675334e-02
1.001241258608156076e-01
1.030834497008688566e-01
1.057342413102990708e-01
1.084558460984406530e-01
1.112813545901945311e-01
1.141520274353402670e-01
1.178157905628982177e-01
1.209700924244302978e-01
1.239223542407041495e-01
1.274050929779778352e-01
1.305254337467559866e-01
1.340893770025293197e-01
1.375505699373461843e-01
1.406922634364248248e-01
1.441301895566356739e-01
1.477130347379653208e-01
1.513851783287027131e-01
1.551041731806746538e-01
1.585479212781644165e-01
1.623487048084423234e-01
1.662256667609980643e-01
1.706075267673556328e-01
1.741725988351866261e-01
1.782175660961045627e-01
1.825346077778317588e-01
1.866399831484849836e-01
1.908312687712908351e-01
1.954052941799165055e-01
1.997004471420197880e-01
2.042691103647814588e-01
2.090069875436885161e-01
2.137345816213406524e-01
2.185329868002486575e-01
2.232893402760773860e-01
2.283857593223936611e-01
2.332085679071077555e-01
2.384060593478078693e-01
2.434325175922430751e-01
2.488977712408724230e-01
2.538230003403565971e-01
2.595664154609698682e-01
2.649652439625475031e-01
2.706485541827878816e-01
2.761990338855260796e-01
2.821579032694226385e-01
2.880569669052013837e-01
2.940218384909168425e-01
3.002234454118488105e-01
3.063521131253711949e-01
3.126274154202705047e-01
3.191302424688622907e-01
3.254937013816201485e-01
3.322980185971596279e-01
3.387647310599460337e-01
3.457857011968686334e-01
