3.458548132312685430e-01
1.945957348343166082e-01
1.392829796052537095e-01
1.270007360674598740e-01
1.006627187337049839e-01
8.832136824745333292e-02
8.130979757502523886e-02
7.354571555259371840e-02
7.270510432246016230e-02
6.947252737949702328e-02
6.843025802896554599e-02
6.973901329937712279e-02
6.933885029938567646e-02
7.030980828173895303e-02
7.099649552188783130e-02
7.189811101052991094e-02
7.343300710372990814e-02
7.437154304841743502e-02
7.654652393186564541e-02
7.752583772575818988e-02
7.858962765634104619e-02
7.952296408208313350e-02
8.135296972579683650e-02
8.243057015015303746e-02
8.409112167768563462e-02
8.544657324438810486e-02
8.635718374162795752e-02
8.845653207615063185e-02
8.944233749344712714e-02
9.087310691485765701e-02
9.209387151582315578e-02
9.325993915239394472e-02
9.496283526861364066e-02
9.617823733931571417e-02
9.766891340943512079e-02
9.890475148480287748e-02
1.001223851711201401e-01
1.015770547963679160e-01
1.029443974934913936e-01
1.043546371260535982e-01
1.055346781834601982e-01
1.069996713995953058e-01
1.085281776280820343e-01
1.098269336019677689e-01
1.111924511363303197e-01
1.126212711838389807e-01
1.139046216127627548e-01
1.153433883680303335e-01
1.168378474278295581e-01
1.182749222965947811e-01
1.197387475910936250e-01
1.211411299630996974e-01
1.225340390842055982e-01
1.240623451691719864e-01
1.255353465677831737e-01
1.269558104725984349e-01
1.285055450361976548e-01
1.299234883052505785e-01
1.313199879665385983e-01
1.328035319911643197e-01
1.343454167262471688e-01
1.357630634370708689e-01
1.373435768301365101e-01
