3.194577382172212321e-01
1.840054141368829554e-01
1.378998701758875345e-01
1.154495160683860211e-01
9.696261573248542154e-02
8.799837043959682359e-02
8.888031861162457026e-02
8.419783760164838149e-02
8.851294918480270835e-02
8.882372812490775538e-02
9.117230559740370499e-02
9.391056005680026297e-02
9.585157286231402174e-02
9.855479618162038546e-02
1.013826835775113178e-01
1.038784434367989729e-01
1.063699881366797079e-01
1.091753060045166229e-01
1.116810113588331405e-01
1.139152033667263642e-01
1.169291852683026489e-01
1.191580879232744389e-01
1.222753611213131947e-01
1.244169064329093133e-01
1.271365481981707179e-01
1.301679857072795821e-01
1.323935776345945281e-01
1.353861762179862649e-01
1.375927800309587890e-01
1.408712823753897614e-01
1.433528416245679893e-01
1.460723886311980080e-01
1.492185934568889261e-01
1.521369202919350683e-01
1.551483247079974426e-01
1.580437073854953911e-01
1.609875685585029359e-01
1.642975771768794835e-01
1.674625459878641698e-01
1.705582068933456930e-01
1.736375639962475792e-01
1.768666671203321106e-01
1.802361219000618853e-01
1.836452724626218003e-01
1.871680070153606823e-01
1.903801257636083266e-01
1.940411553792268096e-01
1.972416714371117152e-01
2.010642525327152597e-01
2.045490678298190479e-01
2.085928637919203243e-01
2.120893517054959765e-01
2.158010056313119096e-01
2.196339542199139405e-01
2.235938538376238127e-01
2.275771063117676962e-01
2.313407569566168498e-01
2.353300354556834562e-01
2.395470258070553637e-01
2.435414501343094451e-01
2.478419487347873207e-01
2.517510262447769098e-01
2.561760353070499097e-01
