3.175346578284741761e-01
1.666316645644398964e-01
1.309783903159572604e-01
1.122078551050653683e-01
9.001039623756094954e-02
8.183680705760425222e-02
7.533768609802854455e-02
7.259867159586966268e-02
7.226695800721605334e-02
7.212575277256368100e-02
7.449086239561684974e-02
7.557321242628277369e-02
7.715242364811364384e-02
7.855886994050616245e-02
7.971134226595524841e-02
8.180349215987324507e-02
8.336044648099265320e-02
8.550449198890686109e-02
8.708838032261394246e-02
8.861089305933408933e-02
9.091369745437540006e-02
9.257811416635507162e-02
9.453035712029357607e-02
9.622980376416986892e-02
9.828414661437881450e-02
1.001195894197631914e-01
1.019596561943017926e-01
1.038822392197894795e-01
1.054009373643890052e-01
1.076075318823185439e-01
1.092961299247287993e-01
1.111105171070255471e-01
1.131015438593346856e-01
1.148979423280800521e-01
1.167256553790490953e-01
1.185904648752481028e-01
1.205315056501191223e-01
1.225055066999632264e-01
1.245450124644480738e-01
1.264163298227942156e-01
1.283116049656533586e-01
1.302622910938246725e-01
1.323303348303419835e-01
1.344819939650852836e-01
1.365720292656368573e-01
1.386109081105001972e-01
1.408885503028859398e-01
1.426542795831926835e-01
1.449932615415447934e-01
1.471512822137398258e-01
1.493672960812112149e-01
1.516024651205389595e-01
1.538285994510892318e-01
1.561431256615854468e-01
1.584811578287529388e-01
1.606913696104143030e-01
1.630062197459891116e-01
1.653481966500100764e-01
1.678300495743621223e-01
1.700954105004117145e-01
1.725692928955589456e-01
1.748976043245067391e-01
1.774598297658587231e-01
