3.101198368994619869e-01
1.868285579085956494e-01
1.409000075263266982e-01
1.236838910730212321e-01
1.018560543503646554e-01
9.404277465119381674e-02
8.989214437738321517e-02
8.621711492208701533e-02
8.797951410677004591e-02
8.952063674797455795e-02
9.230782939421024180e-02
9.443816036424641791e-02
9.710743471514347858e-02
9.932544170820162277e-02
1.017635975886414801e-01
1.040871370261930301e-01
1.067341246327970228e-01
1.091481537536886648e-01
1.117096578785366084e-01
1.140661858011435964e-01
1.164808397431361803e-01
1.186261774557375026e-01
1.214896141748211394e-01
1.237495016238251977e-01
1.261435267305070218e-01
1.287914153870441392e-01
1.312614138724430002e-01
1.339861908262357792e-01
1.365137349222804164e-01
1.392547275697778586e-01
1.418827989891570107e-01
1.445319776867219908e-01
1.471239750701021920e-01
1.498658921670424082e-01
1.525972535105232508e-01
1.554387960955870007e-01
1.581186617071113631e-01
1.611184804524152248e-01
1.639684346309263907e-01
1.670326406835410671e-01
1.697457059904067811e-01
1.728375249572303984e-01
1.758083828442430219e-01
1.787360977374208293e-01
1.819159725302745834e-01
1.849270983746036656e-01
1.882655858010229832e-01
1.909767651971781277e-01
1.943191986991245068e-01
1.974232019703981433e-01
2.011120726805848136e-01
2.042601558563608977e-01
2.075251412292152542e-01
2.108812725923302211e-01
2.143279791581682303e-01
2.177474116316769348e-01
2.212604213058666502e-01
2.248091355997724750e-01
2.285408074009647184e-01
2.319847944601793610e-01
2.357046554479101386e-01
2.392281466728809203e-01
2.430063953868053794e-01
