3.389344034013377360e-01
1.683210632034257415e-01
1.376526830128447232e-01
1.246556345605238508e-01
1.035985025610044880e-01
9.925585249842933111e-02
1.015745417496653896e-01
1.016484845317279784e-01
1.026733516872255086e-01
1.039261577058195191e-01
1.074658409111703128e-01
1.106735391327081652e-01
1.129626809882778998e-01
1.164437303003651170e-01
1.197700358169445783e-01
1.232688435035483171e-01
1.267168733240386647e-01
1.301205793233663754e-01
1.340316513485282635e-01
1.374209622371996009e-01
1.417589096485070144e-01
1.455835098065443312e-01
1.500843531415572696e-01
1.535907978123546291e-01
1.579927962223899029e-01
1.624939374233039524e-01
1.661979458161661760e-01
1.711201394635897544e-01
1.751220078520362711e-01
1.803709613993296768e-01
1.847401223436201390e-01
1.894489681679162041e-01
1.946437857014308437e-01
1.995322936406798975e-01
2.045597464309576452e-01
2.100149893008177449e-01
2.152558247180385576e-01
2.209388559559291587e-01
2.264903005847659356e-01
2.322337097143017670e-01
2.379031984441532244e-01
2.438726464348669187e-01
2.500270092831627933e-01
2.562787403574043887e-01
2.626181634760306749e-01
2.690057424294480248e-01
2.758816448309728830e-01
2.820700088653175230e-01
2.892935761835922492e-01
2.961517789685693680e-01
3.036602266257170668e-01
3.106034892482076315e-01
3.182144014794541786e-01
3.258674772220094273e-01
3.337653115526987291e-01
3.416176761483928903e-01
3.497646532393645091e-01
3.579540140616470634e-01
3.665271199145480052e-01
3.749390244044324416e-01
3.838837133142613545e-01
3.925320177354952311e-01
4.017988587778921206e-01
