3.047272357226822326e-01
1.809540306189822423e-01
1.413925218698778852e-01
1.174555053004301824e-01
9.464463584632455684e-02
8.247633745761782931e-02
8.113089359224598396e-02
7.577500791278712899e-02
7.467184985835832733e-02
7.471447032021075185e-02
7.607938939878039486e-02
7.570688418540735820e-02
7.683632442587967626e-02
7.900063800449740048e-02
8.030830041019197674e-02
8.248268111210320386e-02
8.421302207066333478e-02
8.595615973508846652e-02
8.754197525940461688e-02
8.948549262692724604e-02
9.139333784541844863e-02
9.324330234561971353e-02
9.523090525517767524e-02
9.683149829560791511e-02
9.856330966229816248e-02
1.002312830097195490e-01
1.023227333541367884e-01
1.042879566552834258e-01
1.058028229619654148e-01
1.079847355347792887e-01
1.093670761808387543e-01
1.109382100696978124e-01
1.131070507377639478e-01
1.148672844310548030e-01
1.166708541309216252e-01
1.185570820103720446e-01
1.203594278003060070e-01
1.222339826116895095e-01
1.242480583154870338e-01
1.260600753571365362e-01
1.279242345469022157e-01
1.296605704215714472e-01
1.317395939229109580e-01
1.337115161022620347e-01
1.356119406123228732e-01
1.374839534173175060e-01
1.396166617000877685e-01
1.414158710646068740e-01
1.434748912702905888e-01
1.455232539815863313e-01
1.476127029152508596e-01
1.495924496201437304e-01
1.516868685271308137e-01
1.536042552077918899e-01
1.557943806242317597e-01
1.579215080119487358e-01
1.601295064232315379e-01
1.622412305453835024e-01
1.643592455428011800e-01
1.665493230587197226e-01
1.688165141410659653e-01
1.708879208604323907e-01
1.731864872973647995e-01
