3.143434309162914109e-01
1.850040519497416214e-01
1.424560325910581848e-01
1.204779883863362211e-01
9.572795151312223083e-02
8.642261276932727831e-02
8.325825533702341241e-02
7.863311680606235865e-02
7.743679087911654879e-02
7.628190413420367355e-02
7.861201636354017697e-02
7.899680122032622098e-02
8.047812404774043471e-02
8.219800614068087374e-02
8.392432322382259446e-02
8.530490839296153704e-02
8.746894757867480774e-02
8.900139632862447137e-02
9.136564199704151623e-02
9.268050340299895107e-02
9.474111182439777512e-02
9.632520984791455299e-02
9.834876272774766004e-02
9.994007799103643563e-02
1.017741031492142845e-01
1.038613665018275345e-01
1.053266406226560647e-01
1.074047395638815794e-01
1.088170113538239614e-01
1.110001053568734075e-01
1.124886414301657089e-01
1.142807781145507851e-01
1.162578843854780580e-01
1.179850873514465132e-01
1.196728406687301710e-01
1.215304474007984081e-01
1.233860087463651833e-01
1.253033040070000437e-01
1.270541743751237296e-01
1.288747892473637024e-01
1.306493284922147502e-01
1.325111922611132975e-01
1.345115441530286005e-01
1.363620651767584735e-01
1.383649234417063112e-01
1.401328848770462543e-01
1.422641951459349408e-01
1.439178054897041759e-01
1.461007569217773472e-01
1.479200752568100852e-01
1.501228612123850503e-01
1.519759608925324024e-01
1.540063218592027661e-01
1.559037666623727947e-01
1.580550673099870851e-01
1.600637797324936384e-01
1.621729223974005818e-01
1.642652519149198631e-01
1.663167294022469545e-01
1.684221187619525384e-01
1.706749277586703528e-01
1.726489918170630022e-01
1.748324540631544244e-01
