3.085690290717353901e-01
1.953126271615739373e-01
1.405921638426293196e-01
1.234921448918514242e-01
1.008561070930452525e-01
8.542501963599319348e-02
8.071341677599559727e-02
7.267787054959956583e-02
7.094594834492487512e-02
6.960610095866340274e-02
7.011255037332725371e-02
7.022709305731454632e-02
7.126003801106410573e-02
7.170325375365256548e-02
7.374786779086257849e-02
7.410112248805124369e-02
7.562660779788793475e-02
7.705482637906446719e-02
7.899739847176948104e-02
8.029139768583054559e-02
8.218106738150349200e-02
8.332348926587448967e-02
8.465981913153934613e-02
8.625742575994488348e-02
8.735369199856957145e-02
8.883548051419500047e-02
9.025014948753085076e-02
9.164612397243748765e-02
9.314685360654206825e-02
9.496302217240371046e-02
9.628084356273837463e-02
9.766574438525936486e-02
9.918243540030109717e-02
1.004129133802473817e-01
1.020290012512787697e-01
1.035183111876143008e-01
1.048917957426979963e-01
1.064653591016852807e-01
1.079427097715020267e-01
1.094546959728953106e-01
1.108299578744886688e-01
1.123817435368930084e-01
1.139118519636598686e-01
1.153515983601621497e-01
1.167728875628738089e-01
1.183342624733208226e-01
1.199433959887261647e-01
1.213557327715138329e-01
1.231598841215999218e-01
1.245752880865549500e-01
1.264147953868755836e-01
1.277927562729122002e-01
1.294360289252563523e-01
1.310121464931751911e-01
1.326285847097741777e-01
1.342765711307034870e-01
1.359249122408515420e-01
1.374442593517027078e-01
1.392529698918863468e-01
1.408583348863716167e-01
1.425850073171554544e-01
1.443268182130185984e-01
1.460282669897736696e-01
