2.809296503358870711e-01
1.798781629938907001e-01
1.483417461119040104e-01
1.244382422590551152e-01
9.669896989910797824e-02
8.745215609363549136e-02
8.174168559424693781e-02
7.394529293016605109e-02
7.077198169101001080e-02
6.823433717946515709e-02
6.597633632506866297e-02
6.555770868358383463e-02
6.491810177126655645e-02
6.516634414181930735e-02
6.507686615694333043e-02
6.536031078264785410e-02
6.647566529441570338e-02
6.663561914371914086e-02
6.763154673092670877e-02
6.834849520014125990e-02
6.910427318356993087e-02
7.036623154917358292e-02
7.168056439660008827e-02
7.286512145993771783e-02
7.384221534797444364e-02
7.458858425295450401e-02
7.587309221042502771e-02
7.691300705116106695e-02
7.786031781318134004e-02
7.924593745938171563e-02
7.997118732004178387e-02
8.122527863004019855e-02
8.247238612376751876e-02
8.351134759126808971e-02
8.462053227546953438e-02
8.571006883291255873e-02
8.675955692642732531e-02
8.784443853487464149e-02
8.926105036810540183e-02
9.034507273852547538e-02
9.149489775388841561e-02
9.253916316249009844e-02
9.365770711066960519e-02
9.489607312197860522e-02
9.599887794845943234e-02
9.703557615514167567e-02
9.838592543013992275e-02
9.933568931225787713e-02
1.007011899629605411e-01
1.019448113979393583e-01
1.031754416681908565e-01
1.041383955789711435e-01
1.054349756290206969e-01
1.066779910102719775e-01
1.078369037787856866e-01
1.090437515626868775e-01
1.102548561397941884e-01
1.115018797785915644e-01
1.127304966257541008e-01
1.139501632538683640e-01
1.152214565295646559e-01
1.163355441466492335e-01
1.176113880889050750e-01
