3.056454330086453286e-01
1.911813222399762757e-01
1.476488913906934264e-01
1.265745208049384452e-01
1.020257135186938280e-01
8.904674932604191018e-02
8.489863814385964491e-02
7.730470703958276790e-02
7.631634467172077052e-02
7.465994529912577116e-02
7.451892188772896164e-02
7.466476994529848421e-02
7.617891543368253415e-02
7.760224901917964213e-02
7.835762459475015262e-02
7.939894000279526520e-02
8.125073838180414676e-02
8.283275622515874625e-02
8.410238969101703488e-02
8.609688941393188466e-02
8.802059894579386534e-02
8.922944721902252574e-02
9.079876615700983866e-02
9.198609367957182037e-02
9.372590363197587371e-02
9.523979972189040855e-02
9.686118338905140568e-02
9.836464494071027465e-02
9.959106581047379170e-02
1.012418611682205927e-01
1.028886418121596896e-01
1.041899691795068333e-01
1.059067166498673801e-01
1.073440815997423747e-01
1.088847343496390369e-01
1.104963054972207953e-01
1.120142297074825238e-01
1.135993050182204089e-01
1.150847988546997852e-01
1.166467347532931936e-01
1.182156116547447566e-01
1.197294195413709517e-01
1.213146400315812806e-01
1.228157174520938671e-01
1.243723792641328041e-01
1.260362146199328626e-01
1.275103646312001626e-01
1.289807024152706816e-01
1.306257424137667600e-01
1.321987771608623685e-01
1.338789296498849313e-01
1.354219271905555133e-01
1.369943453824920276e-01
1.385126774721040510e-01
1.403070784780852953e-01
1.418526277396031654e-01
1.434932570695904297e-01
1.451364958907924718e-01
1.467776671483733975e-01
1.483963268533677604e-01
1.500913422627594140e-01
1.517190760471133770e-01
1.534412675260653225e-01
