3.244954885981476966e-01
1.804842575986058129e-01
1.349353423757537196e-01
1.151395964093656216e-01
9.688004074971293123e-02
8.898957572716553743e-02
9.340096927349970934e-02
8.799449873305127678e-02
9.138267632950977659e-02
9.164052466021183063e-02
9.457167691821737054e-02
9.660573741412191440e-02
9.924138690265965623e-02
1.010145089829230514e-01
1.043032411035619278e-01
1.057957906185429675e-01
1.089750591687923542e-01
1.108446913179245152e-01
1.140069544044298444e-01
1.164505100763429529e-01
1.190925634661668675e-01
1.214599675520426220e-01
1.245260330025404760e-01
1.271266259674326549e-01
1.299941524079638588e-01
1.330573068976043660e-01
1.357267345998320052e-01
1.393082091195327610e-01
1.417988259711758792e-01
1.453733562296876114e-01
1.479551487391746190e-01
1.515150027934722143e-01
1.549680526262593727e-01
1.579179772925221603e-01
1.611506834773236974e-01
1.647409931348174927e-01
1.682662306826485377e-01
1.718925447951868968e-01
1.755627886405434213e-01
1.791472265067312331e-01
1.826362699018718450e-01
1.862790734972108453e-01
1.903018379647014036e-01
1.940392824764581858e-01
1.981132182590302493e-01
2.019729717351025633e-01
2.060984282411762458e-01
2.099223260206876662e-01
2.142715111666460004e-01
2.183856405283875757e-01
2.229215990243799128e-01
2.269002829518906583e-01
2.314443384803206993e-01
2.357955849517940627e-01
2.404467920396106684e-01
2.449991230376717399e-01
2.496150029308769613e-01
2.543194850930223794e-01
2.591623448612359604e-01
2.639698612288889912e-01
2.689434877912312838e-01
2.738228917908890891e-01
2.789852151124569968e-01
