3.205934048809609971e-01
1.831401125713553180e-01
1.362531581975754413e-01
1.205444637856119966e-01
1.009872761261654261e-01
8.465366610792972313e-02
8.035766227896967706e-02
7.128847080497775768e-02
7.078271441393403640e-02
6.804198061688697396e-02
6.787782268749290027e-02
6.663944903736977732e-02
6.583151503569778518e-02
6.596467676091249954e-02
6.679610841952289546e-02
6.752300918721883261e-02
6.845368197608962813e-02
6.872033510095643116e-02
6.976334096494186954e-02
7.084997850915600304e-02
7.201754146438103799e-02
7.321474435211175469e-02
7.433188627327071141e-02
7.550852461655407910e-02
7.677053820025868391e-02
7.783958707665177001e-02
7.893640647642763408e-02
8.001523029341968407e-02
8.120784719293674958e-02
8.238318991416998527e-02
8.361871439924890848e-02
8.478147356913172394e-02
8.561116614532239544e-02
8.702127760566207015e-02
8.820149562698405277e-02
8.934473418596222682e-02
9.043451127973341219e-02
9.178155565149095918e-02
9.299292084067622977e-02
9.405048046334844869e-02
9.522756551313758810e-02
9.634776594141389316e-02
9.753695246110849482e-02
9.868632627770410060e-02
9.990527185865585857e-02
1.011493226762288922e-01
1.022969683375852951e-01
1.033575082190794636e-01
1.046131904522606404e-01
1.057937395486179127e-01
1.070627689951181016e-01
1.082524745559543117e-01
1.094774912796049604e-01
1.107466655267893840e-01
1.120269581592043678e-01
1.132161569696367720e-01
1.143383896373532521e-01
1.156358507344133757e-01
1.169542957407431055e-01
1.181218628478429705e-01
1.194055837417163923e-01
1.205319970348212727e-01
1.217974473382417849e-01
