3.270245900515554860e-01
1.735036879836873991e-01
1.343379905986659684e-01
1.194247781306517070e-01
1.052307748530867670e-01
1.026042195098601228e-01
1.050719332489599284e-01
1.046199142530628429e-01
1.084003674745960266e-01
1.107121447737744874e-01
1.140426140258320176e-01
1.168328244903101276e-01
1.209129043693195349e-01
1.242900493592105499e-01
1.279089007685118295e-01
1.314332786410810361e-01
1.358194498734671130e-01
1.396377670513374303e-01
1.440172130132611195e-01
1.485201343162028953e-01
1.531993044398191617e-01
1.575739059583192714e-01
1.626917032570468769e-01
1.669748274478325134e-01
1.724671554441971344e-01
1.777332257265153426e-01
1.828951134570628023e-01
1.889375423142053423e-01
1.937028284422152302e-01
2.003906056464743735e-01
2.056971603448814467e-01
2.117749279564170306e-01
2.182862179609246778e-01
2.242678030723054272e-01
2.309713521604845887e-01
2.378731727292480447e-01
2.445908504321080701e-01
2.515534936985728831e-01
2.590591102675046109e-01
2.660206034998879865e-01
2.735674141684391603e-01
2.812579604627917784e-01
2.892960743095342457e-01
2.972863107635246305e-01
3.055475225830227570e-01
3.141761481443247628e-01
3.230630051762076183e-01
3.312540904468176950e-01
3.407477598700844323e-01
3.499692202291884158e-01
3.600519762332376472e-01
3.691711697695937433e-01
3.793354698057117003e-01
3.895513184027321607e-01
3.999857954000116123e-01
4.104692677222921970e-01
4.213064090709019438e-01
4.324769385073475303e-01
4.438048123397975164e-01
4.552133007913884422e-01
4.671828554851006343e-01
4.790560834998165984e-01
4.913361852829717380e-01
